time,ANGL 401[ 0.4800]1,ANGL 601[ 0.4800]1,POWR 401[ 0.4800]1,POWR 601[ 0.4800]1,VARS 401[ 0.4800]1,VARS 601[ 0.4800]1,ETRM 401[ 0.4800]1,ETRM 601[ 0.4800]1,EFD 401[ 0.4800]1,EFD 601[ 0.4800]1,PMEC 401[ 0.4800]1,PMEC 601[ 0.4800]1,SPD 401[ 0.4800]1,SPD 601[ 0.4800]1,IFD 401[ 0.4800]1,IFD 601[ 0.4800]1,ECMP 401[ 0.4800]1,ECMP 601[ 0.4800]1,AUX 401[ 0.4800]1,AUX 601[ 0.4800]1,VREF 401[ 0.4800]1,VREF 601[ 0.4800]1,ITRM 401[ 0.4800]1,ITRM 601[ 0.4800]1,APPR 401[ 0.4800]1,APPX 401[ 0.4800]1,APPR 601[ 0.4800]1,APPX 601[ 0.4800]1,VUEL 401[ 0.4800]1,VUEL 601[ 0.4800]1,VOEL 401[ 0.4800]1,VOEL 601[ 0.4800]1,VOLT 401 [ 0.4800],VOLT 601 [ 0.4800],POWR 401 TO 601 CKT '1 ',VARS 401 TO 601 CKT '1 ',POWR 601 TO 401 CKT '1 ',VARS 601 TO 401 CKT '1 ',WVEL 401[ 0.4800]1,WTSP 401[ 0.4800]1,WPCH 401[ 0.4800]1,WAET 401[ 0.4800]1,WRTV 401[ 0.4800]1,WRTI 401[ 0.4800]1,WPCM 401[ 0.4800]1,WQCM 401[ 0.4800]1,WAUX 401[ 0.4800]1
-0.00839999970048666,5.974336624145508,57.295799255371094,0.599999725818634,-0.59375,-0.02547469735145569,0.03448486328125,1.0,1.0,0.0,0.9999973773956299,0.6108194589614868,-0.5937484502792358,0.0,0.0,0.0,0.9999973773956299,1.0,1.0,0.0,0.0,0.0,0.0,0.600540280342102,0.5947505831718445,1.6636682748794556,-0.07063577324151993,-1.6785483360290527,0.09748969972133636,0.0,0.0,0.0,0.0,1.0,1.0,0.059999980032444,-0.002547477837651968,-0.05995497107505798,0.0034480176400393248,0.0,0.0,0.0,0.0,0.0,0.0,0.5999999642372131,0.9987263083457947,0.0
-0.00419999985024333,5.974336624145508,57.295799255371094,0.599999725818634,-0.59375,-0.02547469735145569,0.03448486328125,1.0,1.0,0.0,0.9999973773956299,0.6108194589614868,-0.5937484502792358,1.7881393032936899e-09,0.0,0.0,0.9999973773956299,1.0,1.0,0.0,0.0,0.0,0.0,0.600540280342102,0.5947505831718445,1.6636682748794556,-0.07063577324151993,-1.6785483360290527,0.09748969972133636,0.0,0.0,0.0,0.0,1.0,1.0,0.059999980032444,-0.002547477837651968,-0.05995497107505798,0.0034480176400393248,0.0,0.0,0.0,0.0,0.0,0.0,0.5999999642372131,0.9987263083457947,0.0
0.0,5.974336624145508,57.295799255371094,0.5999987721443176,-0.6093766093254089,-0.025489144027233124,0.03448495268821716,1.000002145767212,1.0000026226043701,0.0,1.0,0.6108194589614868,-0.5937484502792358,1.19209286886246e-09,0.0,0.0,0.9999973773956299,1.000002145767212,1.0000026226043701,0.0,0.0,0.0,0.0,0.6005386114120483,0.6103499531745911,1.6636749505996704,-0.07067622244358063,-1.635791301727295,0.09257031977176666,0.0,0.0,0.0,0.0,1.000002145767212,1.0000026226043701,0.05999987944960594,-0.0025489190593361855,-0.059954870492219925,0.003449453739449382,0.0,0.0,0.0,0.0,0.0,0.0,0.5999999642372131,0.9987263083457947,0.0
0.00419999985024333,5.974336624145508,57.295799255371094,0.5999987721443176,-0.6093766093254089,-0.025489144027233124,0.03448495268821716,1.000002145767212,1.0000026226043701,0.0,1.0,0.6108194589614868,-0.5937484502792358,8.344650304081824e-09,0.0,0.0,0.9999973773956299,1.000002145767212,1.0000026226043701,0.0,0.0,0.0,0.0,0.6005386114120483,0.6103499531745911,1.6636749505996704,-0.07067622244358063,-1.635791301727295,0.09257031977176666,0.0,0.0,0.0,0.0,1.000002145767212,1.0000026226043701,0.05999987944960594,-0.0025489190593361855,-0.059954870492219925,0.003449453739449382,0.0,0.0,0.0,0.0,0.0,0.0,0.5999999642372131,0.9987263083457947,0.0
0.00839999970048666,5.974337577819824,57.295799255371094,0.5999990105628967,-0.6093766093254089,-0.025489136576652527,0.03448495268821716,1.0000022649765015,1.0000026226043701,0.0,1.0,0.6108194589614868,-0.5937484502792358,8.344650304081824e-09,0.0,0.0,0.9999973773956299,1.0000022649765015,1.0000026226043701,0.0,0.0,0.0,0.0,0.6005388498306274,0.6103499531745911,1.663674235343933,-0.07067614793777466,-1.635791301727295,0.09257031977176666,0.0,0.0,0.0,0.0,1.0000022649765015,1.0000026226043701,0.05999990180134773,-0.002548917895182967,-0.059954892843961716,0.003449453506618738,0.0,0.0,0.0,0.0,0.0,0.0,0.5999999642372131,0.9987263083457947,0.0
0.012599999085068703,5.974338531494141,57.295799255371094,0.5999990105628967,-0.6093766093254089,-0.025489136576652527,0.03448495268821716,1.0000022649765015,1.0000026226043701,0.0,1.0,0.6108194589614868,-0.5937484502792358,8.344650304081824e-09,0.0,0.0,0.9999973773956299,1.0000022649765015,1.0000026226043701,0.0,0.0,0.0,0.0,0.6005388498306274,0.6103499531745911,1.663674235343933,-0.07067614793777466,-1.635791301727295,0.09257031977176666,0.0,0.0,0.0,0.0,1.0000022649765015,1.0000026226043701,0.05999990180134773,-0.002548917895182967,-0.059954892843961716,0.003449453506618738,0.0,0.0,0.0,0.0,0.0,0.0,0.5999999642372131,0.9987263083457947,0.0
0.01679999940097332,5.974339485168457,57.295799255371094,0.5999991297721863,-0.6093766093254089,-0.02548913285136223,0.03448495268821716,1.0000022649765015,1.0000026226043701,0.0,1.0,0.6108194589614868,-0.5937484502792358,8.940696183401542e-09,0.0,0.0,0.9999973773956299,1.0000022649765015,1.0000026226043701,0.0,0.0,0.0,0.0,0.600538969039917,0.6103499531745911,1.663673996925354,-0.07067611068487167,-1.635791301727295,0.09257031977176666,0.0,0.0,0.0,0.0,1.0000022649765015,1.0000026226043701,0.05999990925192833,-0.002548917895182967,-0.05995490029454231,0.003449453506618738,0.0,0.0,0.0,0.0,0.0,0.0,0.5999999642372131,0.9987263083457947,0.0
0.020999999716877937,5.974339962005615,57.295799255371094,0.5999991297721863,-0.6093766093254089,-0.02548913098871708,0.03448495268821716,1.0000022649765015,1.0000026226043701,0.0,1.0,0.6108194589614868,-0.5937484502792358,8.940696183401542e-09,0.0,0.0,0.9999973773956299,1.0000022649765015,1.0000026226043701,0.0,0.0,0.0,0.0,0.600538969039917,0.6103499531745911,1.663673996925354,-0.07067610323429108,-1.635791301727295,0.09257031977176666,0.0,0.0,0.0,0.0,1.0000022649765015,1.0000026226043701,0.059999920427799225,-0.0025489169638603926,-0.05995491147041321,0.003449453040957451,0.0,0.0,0.0,0.0,0.0,0.0,0.5999999642372131,0.9987263083457947,0.0
0.025200000032782555,5.97434139251709,57.295799255371094,0.5999992489814758,-0.6093766093254089,-0.02548912726342678,0.03448495268821716,1.0000022649765015,1.0000026226043701,0.0,1.0,0.6108194589614868,-0.5937484502792358,8.940696183401542e-09,0.0,0.0,0.9999973773956299,1.0000022649765015,1.0000026226043701,0.0,0.0,0.0,0.0,0.6005390882492065,0.6103499531745911,1.6636736392974854,-0.07067606598138809,-1.635791301727295,0.09257031977176666,0.0,0.0,0.0,0.0,1.0000022649765015,1.0000026226043701,0.05999993160367012,-0.0025489162653684616,-0.0599549226462841,0.003449452808126807,0.0,0.0,0.0,0.0,0.0,0.0,0.5999999642372131,0.9987263083457947,0.0
0.029400000348687172,5.974341869354248,57.295799255371094,0.5999993681907654,-0.6093766093254089,-0.02548912540078163,0.03448495268821716,1.0000022649765015,1.0000026226043701,0.0,1.0,0.6108194589614868,-0.5937484502792358,7.748603536583687e-09,0.0,0.0,0.9999973773956299,1.0000022649765015,1.0000026226043701,0.0,0.0,0.0,0.0,0.6005392074584961,0.6103499531745911,1.6636732816696167,-0.07067602872848511,-1.635791301727295,0.09257031977176666,0.0,0.0,0.0,0.0,1.0000022649765015,1.0000026226043701,0.05999993905425072,-0.002548916032537818,-0.0599549300968647,0.003449452808126807,0.0,0.0,0.0,0.0,0.0,0.0,0.5999999642372131,0.9987263083457947,0.0
0.03359999880194664,5.9743428230285645,57.295799255371094,0.5999994874000549,-0.6093766093254089,-0.025489121675491333,0.03448495268821716,1.0000022649765015,1.0000026226043701,0.0,1.0,0.6108194589614868,-0.5937484502792358,7.1525572131747595e-09,0.0,0.0,0.9999973773956299,1.0000022649765015,1.0000026226043701,0.0,0.0,0.0,0.0,0.6005393266677856,0.6103499531745911,1.663672924041748,-0.07067599147558212,-1.635791301727295,0.09257031977176666,0.0,0.0,0.0,0.0,1.0000022649765015,1.0000026226043701,0.05999995023012161,-0.002548915334045887,-0.059954941272735596,0.00344945234246552,0.0,0.0,0.0,0.0,0.0,0.0,0.5999999642372131,0.9987263083457947,0.0
0.03779999911785126,5.974343776702881,57.295799255371094,0.5999996066093445,-0.6093766093254089,-0.025489117950201035,0.03448495268821716,1.0000022649765015,1.0000026226043701,0.0,1.0,0.6108194589614868,-0.5937484502792358,5.960464122267695e-09,0.0,0.0,0.9999973773956299,1.0000022649765015,1.0000026226043701,0.0,0.0,0.0,0.0,0.6005394458770752,0.6103499531745911,1.663672685623169,-0.07067595422267914,-1.635791301727295,0.09257031977176666,0.0,0.0,0.0,0.0,1.0000022649765015,1.0000026226043701,0.05999996140599251,-0.0025489151012152433,-0.05995495244860649,0.00344945234246552,0.0,0.0,0.0,0.0,0.0,0.0,0.5999999642372131,0.9987263083457947,0.0
0.041999999433755875,5.974343776702881,57.295799255371094,0.5999996066093445,-0.6093766093254089,-0.025489117950201035,0.03448495268821716,1.0000022649765015,1.0000026226043701,0.0,1.0,0.6108194589614868,-0.5937484502792358,4.76837147544984e-09,0.0,0.0,0.9999973773956299,1.0000022649765015,1.0000026226043701,0.0,0.0,0.0,0.0,0.6005394458770752,0.6103499531745911,1.663672685623169,-0.07067595422267914,-1.635791301727295,0.09257031977176666,0.0,0.0,0.0,0.0,1.0000022649765015,1.0000026226043701,0.05999996140599251,-0.0025489151012152433,-0.05995495244860649,0.00344945234246552,0.0,0.0,0.0,0.0,0.0,0.0,0.5999999642372131,0.9987263083457947,0.0
0.04619999974966049,5.974344253540039,57.295799255371094,0.5999996066093445,-0.6093766093254089,-0.025489117950201035,0.03448495268821716,1.0000022649765015,1.0000026226043701,0.0,1.0,0.6108194589614868,-0.5937484502792358,4.76837147544984e-09,0.0,0.0,0.9999973773956299,1.0000022649765015,1.0000026226043701,0.0,0.0,0.0,0.0,0.6005394458770752,0.6103499531745911,1.663672685623169,-0.07067595422267914,-1.635791301727295,0.09257031977176666,0.0,0.0,0.0,0.0,1.0000022649765015,1.0000026226043701,0.05999996140599251,-0.0025489151012152433,-0.05995495244860649,0.00344945234246552,0.0,0.0,0.0,0.0,0.0,0.0,0.5999999642372131,0.9987263083457947,0.0
0.05040000006556511,5.9743452072143555,57.295799255371094,0.599999725818634,-0.6093766093254089,-0.025489114224910736,0.03448495268821716,1.0000022649765015,1.0000026226043701,0.0,1.0,0.6108194589614868,-0.5937484502792358,4.172325152040912e-09,0.0,0.0,0.9999973773956299,1.0000022649765015,1.0000026226043701,0.0,0.0,0.0,0.0,0.6005395650863647,0.6103499531745911,1.6636723279953003,-0.07067591696977615,-1.635791301727295,0.09257031977176666,0.0,0.0,0.0,0.0,1.0000022649765015,1.0000026226043701,0.0599999725818634,-0.0025489144027233124,-0.059954967349767685,0.0034494518768042326,0.0,0.0,0.0,0.0,0.0,0.0,0.5999999642372131,0.9987263083457947,0.0
0.05460000038146973,5.9743452072143555,57.295799255371094,0.599999725818634,-0.6093766093254089,-0.025489114224910736,0.03448495268821716,1.0000022649765015,1.0000026226043701,0.0,1.0,0.6108194589614868,-0.5937484502792358,2.9802320611338473e-09,0.0,0.0,0.9999973773956299,1.0000022649765015,1.0000026226043701,0.0,0.0,0.0,0.0,0.6005395650863647,0.6103499531745911,1.6636723279953003,-0.07067591696977615,-1.635791301727295,0.09257031977176666,0.0,0.0,0.0,0.0,1.0000022649765015,1.0000026226043701,0.0599999725818634,-0.0025489144027233124,-0.059954967349767685,0.0034494518768042326,0.0,0.0,0.0,0.0,0.0,0.0,0.5999999642372131,0.9987263083457947,0.0
0.058800000697374344,5.974345684051514,57.295799255371094,0.599999725818634,-0.6093766093254089,-0.025489114224910736,0.03448495268821716,1.0000022649765015,1.0000026226043701,0.0,1.0,0.6108194589614868,-0.5937484502792358,3.5762786065873797e-09,0.0,0.0,0.9999973773956299,1.0000022649765015,1.0000026226043701,0.0,0.0,0.0,0.0,0.6005395650863647,0.6103499531745911,1.6636723279953003,-0.07067591696977615,-1.635791301727295,0.09257031977176666,0.0,0.0,0.0,0.0,1.0000022649765015,1.0000026226043701,0.0599999725818634,-0.0025489144027233124,-0.059954967349767685,0.0034494518768042326,0.0,0.0,0.0,0.0,0.0,0.0,0.5999999642372131,0.9987263083457947,0.0
0.06300000101327896,5.974345684051514,57.295799255371094,0.5999998450279236,-0.6093766093254089,-0.025489110499620438,0.03448495268821716,1.0000022649765015,1.0000026226043701,0.0,1.0,0.6108194589614868,-0.5937484502792358,2.9802320611338473e-09,0.0,0.0,0.9999973773956299,1.0000022649765015,1.0000026226043701,0.0,0.0,0.0,0.0,0.6005396842956543,0.6103499531745911,1.6636719703674316,-0.07067587971687317,-1.635791301727295,0.09257031977176666,0.0,0.0,0.0,0.0,1.0000022649765015,1.0000026226043701,0.059999980032444,-0.0025489141698926687,-0.05995497107505798,0.0034494518768042326,0.0,0.0,0.0,0.0,0.0,0.0,0.5999999642372131,0.9987263083457947,0.0
0.06719999760389328,5.974346160888672,57.295799255371094,0.5999998450279236,-0.6093766093254089,-0.025489110499620438,0.03448495268821716,1.0000022649765015,1.0000026226043701,0.0,1.0,0.6108194589614868,-0.5937484502792358,1.7881393032936899e-09,0.0,0.0,0.9999973773956299,1.0000022649765015,1.0000026226043701,0.0,0.0,0.0,0.0,0.6005396842956543,0.6103499531745911,1.6636719703674316,-0.07067587971687317,-1.635791301727295,0.09257031977176666,0.0,0.0,0.0,0.0,1.0000022649765015,1.0000026226043701,0.059999980032444,-0.0025489141698926687,-0.05995497107505798,0.0034494518768042326,0.0,0.0,0.0,0.0,0.0,0.0,0.5999999642372131,0.9987263083457947,0.0
0.0713999941945076,5.974346160888672,57.295799255371094,0.5999998450279236,-0.6093766093254089,-0.025489110499620438,0.03448495268821716,1.0000022649765015,1.0000026226043701,0.0,1.0,0.6108194589614868,-0.5937484502792358,2.38418573772492e-09,0.0,0.0,0.9999973773956299,1.0000022649765015,1.0000026226043701,0.0,0.0,0.0,0.0,0.6005396842956543,0.6103499531745911,1.6636719703674316,-0.07067587971687317,-1.635791301727295,0.09257031977176666,0.0,0.0,0.0,0.0,1.0000022649765015,1.0000026226043701,0.059999980032444,-0.0025489141698926687,-0.05995497107505798,0.0034494518768042326,0.0,0.0,0.0,0.0,0.0,0.0,0.5999999642372131,0.9987263083457947,0.0
0.07559999078512192,5.97434663772583,57.295799255371094,0.5999998450279236,-0.6093766093254089,-0.025489110499620438,0.03448495268821716,1.0000022649765015,1.0000026226043701,0.0,1.0,0.6108194589614868,-0.5937484502792358,1.7881393032936899e-09,0.0,0.0,0.9999973773956299,1.0000022649765015,1.0000026226043701,0.0,0.0,0.0,0.0,0.6005396842956543,0.6103499531745911,1.6636719703674316,-0.07067587971687317,-1.635791301727295,0.09257031977176666,0.0,0.0,0.0,0.0,1.0000022649765015,1.0000026226043701,0.059999980032444,-0.0025489141698926687,-0.05995497107505798,0.0034494518768042326,0.0,0.0,0.0,0.0,0.0,0.0,0.5999999642372131,0.9987263083457947,0.0
0.07979998737573624,5.97434663772583,57.295799255371094,0.5999998450279236,-0.6093766093254089,-0.025489110499620438,0.03448495268821716,1.0000022649765015,1.0000026226043701,0.0,1.0,0.6108194589614868,-0.5937484502792358,1.7881393032936899e-09,0.0,0.0,0.9999973773956299,1.0000022649765015,1.0000026226043701,0.0,0.0,0.0,0.0,0.6005396842956543,0.6103499531745911,1.6636719703674316,-0.07067587971687317,-1.635791301727295,0.09257031977176666,0.0,0.0,0.0,0.0,1.0000022649765015,1.0000026226043701,0.059999980032444,-0.0025489141698926687,-0.05995497107505798,0.0034494518768042326,0.0,0.0,0.0,0.0,0.0,0.0,0.5999999642372131,0.9987263083457947,0.0
0.08399998396635056,5.97434663772583,57.295799255371094,0.5999998450279236,-0.6093766093254089,-0.025489110499620438,0.03448495268821716,1.0000022649765015,1.0000026226043701,0.0,1.0,0.6108194589614868,-0.5937484502792358,1.7881393032936899e-09,0.0,0.0,0.9999973773956299,1.0000022649765015,1.0000026226043701,0.0,0.0,0.0,0.0,0.6005396842956543,0.6103499531745911,1.6636719703674316,-0.07067587971687317,-1.635791301727295,0.09257031977176666,0.0,0.0,0.0,0.0,1.0000022649765015,1.0000026226043701,0.059999980032444,-0.0025489141698926687,-0.05995497107505798,0.0034494518768042326,0.0,0.0,0.0,0.0,0.0,0.0,0.5999999642372131,0.9987263083457947,0.0
0.08819998055696487,5.97434663772583,57.295799255371094,0.5999998450279236,-0.6093766093254089,-0.025489110499620438,0.03448495268821716,1.0000022649765015,1.0000026226043701,0.0,1.0,0.6108194589614868,-0.5937484502792358,1.7881393032936899e-09,0.0,0.0,0.9999973773956299,1.0000022649765015,1.0000026226043701,0.0,0.0,0.0,0.0,0.6005396842956543,0.6103499531745911,1.6636719703674316,-0.07067587971687317,-1.635791301727295,0.09257031977176666,0.0,0.0,0.0,0.0,1.0000022649765015,1.0000026226043701,0.059999980032444,-0.0025489141698926687,-0.05995497107505798,0.0034494518768042326,0.0,0.0,0.0,0.0,0.0,0.0,0.5999999642372131,0.9987263083457947,0.0
0.0923999771475792,5.97434663772583,57.295799255371094,0.5999998450279236,-0.6093766093254089,-0.025489110499620438,0.03448495268821716,1.0000022649765015,1.0000026226043701,0.0,1.0,0.6108194589614868,-0.5937484502792358,1.7881393032936899e-09,0.0,0.0,0.9999973773956299,1.0000022649765015,1.0000026226043701,0.0,0.0,0.0,0.0,0.6005396842956543,0.6103499531745911,1.6636719703674316,-0.07067587971687317,-1.635791301727295,0.09257031977176666,0.0,0.0,0.0,0.0,1.0000022649765015,1.0000026226043701,0.059999980032444,-0.0025489141698926687,-0.05995497107505798,0.0034494518768042326,0.0,0.0,0.0,0.0,0.0,0.0,0.5999999642372131,0.9987263083457947,0.0
0.09659997373819351,5.97434663772583,57.295799255371094,0.5999998450279236,-0.6093766093254089,-0.025489110499620438,0.03448495268821716,1.0000022649765015,1.0000026226043701,0.0,1.0,0.6108194589614868,-0.5937484502792358,1.7881393032936899e-09,0.0,0.0,0.9999973773956299,1.0000022649765015,1.0000026226043701,0.0,0.0,0.0,0.0,0.6005396842956543,0.6103499531745911,1.6636719703674316,-0.07067587971687317,-1.635791301727295,0.09257031977176666,0.0,0.0,0.0,0.0,1.0000022649765015,1.0000026226043701,0.059999980032444,-0.0025489141698926687,-0.05995497107505798,0.0034494518768042326,0.0,0.0,0.0,0.0,0.0,0.0,0.5999999642372131,0.9987263083457947,0.0
0.10079997032880783,5.97434663772583,57.295799255371094,0.5999998450279236,-0.6093766093254089,-0.025489110499620438,0.03448495268821716,1.0000022649765015,1.0000026226043701,0.0,1.0,0.6108194589614868,-0.5937484502792358,1.7881393032936899e-09,0.0,0.0,0.9999973773956299,1.0000022649765015,1.0000026226043701,0.0,0.0,0.0,0.0,0.6005396842956543,0.6103499531745911,1.6636719703674316,-0.07067587971687317,-1.635791301727295,0.09257031977176666,0.0,0.0,0.0,0.0,1.0000022649765015,1.0000026226043701,0.059999980032444,-0.0025489141698926687,-0.05995497107505798,0.0034494518768042326,0.0,0.0,0.0,0.0,0.0,0.0,0.5999999642372131,0.9987263083457947,0.0
0.10499996691942215,5.97434663772583,57.295799255371094,0.5999998450279236,-0.6093766093254089,-0.025489110499620438,0.03448495268821716,1.0000022649765015,1.0000026226043701,0.0,1.0,0.6108194589614868,-0.5937484502792358,1.7881393032936899e-09,0.0,0.0,0.9999973773956299,1.0000022649765015,1.0000026226043701,0.0,0.0,0.0,0.0,0.6005396842956543,0.6103499531745911,1.6636719703674316,-0.07067587971687317,-1.635791301727295,0.09257031977176666,0.0,0.0,0.0,0.0,1.0000022649765015,1.0000026226043701,0.059999980032444,-0.0025489141698926687,-0.05995497107505798,0.0034494518768042326,0.0,0.0,0.0,0.0,0.0,0.0,0.5999999642372131,0.9987263083457947,0.0
0.10919996351003647,5.97434663772583,57.295799255371094,0.5999998450279236,-0.6093766093254089,-0.025489110499620438,0.03448495268821716,1.0000022649765015,1.0000026226043701,0.0,1.0,0.6108194589614868,-0.5937484502792358,1.7881393032936899e-09,0.0,0.0,0.9999973773956299,1.0000022649765015,1.0000026226043701,0.0,0.0,0.0,0.0,0.6005396842956543,0.6103499531745911,1.6636719703674316,-0.07067587971687317,-1.635791301727295,0.09257031977176666,0.0,0.0,0.0,0.0,1.0000022649765015,1.0000026226043701,0.059999980032444,-0.0025489141698926687,-0.05995497107505798,0.0034494518768042326,0.0,0.0,0.0,0.0,0.0,0.0,0.5999999642372131,0.9987263083457947,0.0
0.11339996010065079,5.97434663772583,57.295799255371094,0.5999998450279236,-0.6093766093254089,-0.025489110499620438,0.03448495268821716,1.0000022649765015,1.0000026226043701,0.0,1.0,0.6108194589614868,-0.5937484502792358,1.7881393032936899e-09,0.0,0.0,0.9999973773956299,1.0000022649765015,1.0000026226043701,0.0,0.0,0.0,0.0,0.6005396842956543,0.6103499531745911,1.6636719703674316,-0.07067587971687317,-1.635791301727295,0.09257031977176666,0.0,0.0,0.0,0.0,1.0000022649765015,1.0000026226043701,0.059999980032444,-0.0025489141698926687,-0.05995497107505798,0.0034494518768042326,0.0,0.0,0.0,0.0,0.0,0.0,0.5999999642372131,0.9987263083457947,0.0
0.1175999566912651,5.97434663772583,57.295799255371094,0.5999998450279236,-0.6093766093254089,-0.025489110499620438,0.03448495268821716,1.0000022649765015,1.0000026226043701,0.0,1.0,0.6108194589614868,-0.5937484502792358,1.7881393032936899e-09,0.0,0.0,0.9999973773956299,1.0000022649765015,1.0000026226043701,0.0,0.0,0.0,0.0,0.6005396842956543,0.6103499531745911,1.6636719703674316,-0.07067587971687317,-1.635791301727295,0.09257031977176666,0.0,0.0,0.0,0.0,1.0000022649765015,1.0000026226043701,0.059999980032444,-0.0025489141698926687,-0.05995497107505798,0.0034494518768042326,0.0,0.0,0.0,0.0,0.0,0.0,0.5999999642372131,0.9987263083457947,0.0
0.12179995328187943,5.97434663772583,57.295799255371094,0.5999998450279236,-0.6093766093254089,-0.025489110499620438,0.03448495268821716,1.0000022649765015,1.0000026226043701,0.0,1.0,0.6108194589614868,-0.5937484502792358,1.7881393032936899e-09,0.0,0.0,0.9999973773956299,1.0000022649765015,1.0000026226043701,0.0,0.0,0.0,0.0,0.6005396842956543,0.6103499531745911,1.6636719703674316,-0.07067587971687317,-1.635791301727295,0.09257031977176666,0.0,0.0,0.0,0.0,1.0000022649765015,1.0000026226043701,0.059999980032444,-0.0025489141698926687,-0.05995497107505798,0.0034494518768042326,0.0,0.0,0.0,0.0,0.0,0.0,0.5999999642372131,0.9987263083457947,0.0
0.12599995732307434,5.97434663772583,57.295799255371094,0.5999998450279236,-0.6093766093254089,-0.025489110499620438,0.03448495268821716,1.0000022649765015,1.0000026226043701,0.0,1.0,0.6108194589614868,-0.5937484502792358,1.7881393032936899e-09,0.0,0.0,0.9999973773956299,1.0000022649765015,1.0000026226043701,0.0,0.0,0.0,0.0,0.6005396842956543,0.6103499531745911,1.6636719703674316,-0.07067587971687317,-1.635791301727295,0.09257031977176666,0.0,0.0,0.0,0.0,1.0000022649765015,1.0000026226043701,0.059999980032444,-0.0025489141698926687,-0.05995497107505798,0.0034494518768042326,0.0,0.0,0.0,0.0,0.0,0.0,0.5999999642372131,0.9987263083457947,0.0
0.13019995391368866,5.97434663772583,57.295799255371094,0.5999998450279236,-0.6093766093254089,-0.025489110499620438,0.03448495268821716,1.0000022649765015,1.0000026226043701,0.0,1.0,0.6108194589614868,-0.5937484502792358,1.7881393032936899e-09,0.0,0.0,0.9999973773956299,1.0000022649765015,1.0000026226043701,0.0,0.0,0.0,0.0,0.6005396842956543,0.6103499531745911,1.6636719703674316,-0.07067587971687317,-1.635791301727295,0.09257031977176666,0.0,0.0,0.0,0.0,1.0000022649765015,1.0000026226043701,0.059999980032444,-0.0025489141698926687,-0.05995497107505798,0.0034494518768042326,0.0,0.0,0.0,0.0,0.0,0.0,0.5999999642372131,0.9987263083457947,0.0
0.13439995050430298,5.97434663772583,57.295799255371094,0.5999998450279236,-0.6093766093254089,-0.025489110499620438,0.03448495268821716,1.0000022649765015,1.0000026226043701,0.0,1.0,0.6108194589614868,-0.5937484502792358,1.7881393032936899e-09,0.0,0.0,0.9999973773956299,1.0000022649765015,1.0000026226043701,0.0,0.0,0.0,0.0,0.6005396842956543,0.6103499531745911,1.6636719703674316,-0.07067587971687317,-1.635791301727295,0.09257031977176666,0.0,0.0,0.0,0.0,1.0000022649765015,1.0000026226043701,0.059999980032444,-0.0025489141698926687,-0.05995497107505798,0.0034494518768042326,0.0,0.0,0.0,0.0,0.0,0.0,0.5999999642372131,0.9987263083457947,0.0
0.1385999470949173,5.97434663772583,57.295799255371094,0.5999998450279236,-0.6093766093254089,-0.025489110499620438,0.03448495268821716,1.0000022649765015,1.0000026226043701,0.0,1.0,0.6108194589614868,-0.5937484502792358,1.7881393032936899e-09,0.0,0.0,0.9999973773956299,1.0000022649765015,1.0000026226043701,0.0,0.0,0.0,0.0,0.6005396842956543,0.6103499531745911,1.6636719703674316,-0.07067587971687317,-1.635791301727295,0.09257031977176666,0.0,0.0,0.0,0.0,1.0000022649765015,1.0000026226043701,0.059999980032444,-0.0025489141698926687,-0.05995497107505798,0.0034494518768042326,0.0,0.0,0.0,0.0,0.0,0.0,0.5999999642372131,0.9987263083457947,0.0
0.14279994368553162,5.97434663772583,57.295799255371094,0.5999998450279236,-0.6093766093254089,-0.025489110499620438,0.03448495268821716,1.0000022649765015,1.0000026226043701,0.0,1.0,0.6108194589614868,-0.5937484502792358,1.7881393032936899e-09,0.0,0.0,0.9999973773956299,1.0000022649765015,1.0000026226043701,0.0,0.0,0.0,0.0,0.6005396842956543,0.6103499531745911,1.6636719703674316,-0.07067587971687317,-1.635791301727295,0.09257031977176666,0.0,0.0,0.0,0.0,1.0000022649765015,1.0000026226043701,0.059999980032444,-0.0025489141698926687,-0.05995497107505798,0.0034494518768042326,0.0,0.0,0.0,0.0,0.0,0.0,0.5999999642372131,0.9987263083457947,0.0
0.14699994027614594,5.97434663772583,57.295799255371094,0.5999998450279236,-0.6093766093254089,-0.025489110499620438,0.03448495268821716,1.0000022649765015,1.0000026226043701,0.0,1.0,0.6108194589614868,-0.5937484502792358,1.7881393032936899e-09,0.0,0.0,0.9999973773956299,1.0000022649765015,1.0000026226043701,0.0,0.0,0.0,0.0,0.6005396842956543,0.6103499531745911,1.6636719703674316,-0.07067587971687317,-1.635791301727295,0.09257031977176666,0.0,0.0,0.0,0.0,1.0000022649765015,1.0000026226043701,0.059999980032444,-0.0025489141698926687,-0.05995497107505798,0.0034494518768042326,0.0,0.0,0.0,0.0,0.0,0.0,0.5999999642372131,0.9987263083457947,0.0
0.15119993686676025,5.97434663772583,57.295799255371094,0.5999998450279236,-0.6093766093254089,-0.025489110499620438,0.03448495268821716,1.0000022649765015,1.0000026226043701,0.0,1.0,0.6108194589614868,-0.5937484502792358,1.7881393032936899e-09,0.0,0.0,0.9999973773956299,1.0000022649765015,1.0000026226043701,0.0,0.0,0.0,0.0,0.6005396842956543,0.6103499531745911,1.6636719703674316,-0.07067587971687317,-1.635791301727295,0.09257031977176666,0.0,0.0,0.0,0.0,1.0000022649765015,1.0000026226043701,0.059999980032444,-0.0025489141698926687,-0.05995497107505798,0.0034494518768042326,0.0,0.0,0.0,0.0,0.0,0.0,0.5999999642372131,0.9987263083457947,0.0
0.15539993345737457,5.97434663772583,57.295799255371094,0.5999998450279236,-0.6093766093254089,-0.025489110499620438,0.03448495268821716,1.0000022649765015,1.0000026226043701,0.0,1.0,0.6108194589614868,-0.5937484502792358,1.7881393032936899e-09,0.0,0.0,0.9999973773956299,1.0000022649765015,1.0000026226043701,0.0,0.0,0.0,0.0,0.6005396842956543,0.6103499531745911,1.6636719703674316,-0.07067587971687317,-1.635791301727295,0.09257031977176666,0.0,0.0,0.0,0.0,1.0000022649765015,1.0000026226043701,0.059999980032444,-0.0025489141698926687,-0.05995497107505798,0.0034494518768042326,0.0,0.0,0.0,0.0,0.0,0.0,0.5999999642372131,0.9987263083457947,0.0
0.1595999300479889,5.97434663772583,57.295799255371094,0.5999998450279236,-0.6093766093254089,-0.025489110499620438,0.03448495268821716,1.0000022649765015,1.0000026226043701,0.0,1.0,0.6108194589614868,-0.5937484502792358,1.7881393032936899e-09,0.0,0.0,0.9999973773956299,1.0000022649765015,1.0000026226043701,0.0,0.0,0.0,0.0,0.6005396842956543,0.6103499531745911,1.6636719703674316,-0.07067587971687317,-1.635791301727295,0.09257031977176666,0.0,0.0,0.0,0.0,1.0000022649765015,1.0000026226043701,0.059999980032444,-0.0025489141698926687,-0.05995497107505798,0.0034494518768042326,0.0,0.0,0.0,0.0,0.0,0.0,0.5999999642372131,0.9987263083457947,0.0
0.1637999266386032,5.97434663772583,57.295799255371094,0.5999998450279236,-0.6093766093254089,-0.025489110499620438,0.03448495268821716,1.0000022649765015,1.0000026226043701,0.0,1.0,0.6108194589614868,-0.5937484502792358,1.7881393032936899e-09,0.0,0.0,0.9999973773956299,1.0000022649765015,1.0000026226043701,0.0,0.0,0.0,0.0,0.6005396842956543,0.6103499531745911,1.6636719703674316,-0.07067587971687317,-1.635791301727295,0.09257031977176666,0.0,0.0,0.0,0.0,1.0000022649765015,1.0000026226043701,0.059999980032444,-0.0025489141698926687,-0.05995497107505798,0.0034494518768042326,0.0,0.0,0.0,0.0,0.0,0.0,0.5999999642372131,0.9987263083457947,0.0
0.16799992322921753,5.97434663772583,57.295799255371094,0.5999998450279236,-0.6093766093254089,-0.025489110499620438,0.03448495268821716,1.0000022649765015,1.0000026226043701,0.0,1.0,0.6108194589614868,-0.5937484502792358,1.7881393032936899e-09,0.0,0.0,0.9999973773956299,1.0000022649765015,1.0000026226043701,0.0,0.0,0.0,0.0,0.6005396842956543,0.6103499531745911,1.6636719703674316,-0.07067587971687317,-1.635791301727295,0.09257031977176666,0.0,0.0,0.0,0.0,1.0000022649765015,1.0000026226043701,0.059999980032444,-0.0025489141698926687,-0.05995497107505798,0.0034494518768042326,0.0,0.0,0.0,0.0,0.0,0.0,0.5999999642372131,0.9987263083457947,0.0
0.17219991981983185,5.97434663772583,57.295799255371094,0.5999998450279236,-0.6093766093254089,-0.025489110499620438,0.03448495268821716,1.0000022649765015,1.0000026226043701,0.0,1.0,0.6108194589614868,-0.5937484502792358,1.7881393032936899e-09,0.0,0.0,0.9999973773956299,1.0000022649765015,1.0000026226043701,0.0,0.0,0.0,0.0,0.6005396842956543,0.6103499531745911,1.6636719703674316,-0.07067587971687317,-1.635791301727295,0.09257031977176666,0.0,0.0,0.0,0.0,1.0000022649765015,1.0000026226043701,0.059999980032444,-0.0025489141698926687,-0.05995497107505798,0.0034494518768042326,0.0,0.0,0.0,0.0,0.0,0.0,0.5999999642372131,0.9987263083457947,0.0
0.17639991641044617,5.97434663772583,57.295799255371094,0.5999998450279236,-0.6093766093254089,-0.025489110499620438,0.03448495268821716,1.0000022649765015,1.0000026226043701,0.0,1.0,0.6108194589614868,-0.5937484502792358,1.7881393032936899e-09,0.0,0.0,0.9999973773956299,1.0000022649765015,1.0000026226043701,0.0,0.0,0.0,0.0,0.6005396842956543,0.6103499531745911,1.6636719703674316,-0.07067587971687317,-1.635791301727295,0.09257031977176666,0.0,0.0,0.0,0.0,1.0000022649765015,1.0000026226043701,0.059999980032444,-0.0025489141698926687,-0.05995497107505798,0.0034494518768042326,0.0,0.0,0.0,0.0,0.0,0.0,0.5999999642372131,0.9987263083457947,0.0
0.18059991300106049,5.97434663772583,57.295799255371094,0.5999998450279236,-0.6093766093254089,-0.025489110499620438,0.03448495268821716,1.0000022649765015,1.0000026226043701,0.0,1.0,0.6108194589614868,-0.5937484502792358,1.7881393032936899e-09,0.0,0.0,0.9999973773956299,1.0000022649765015,1.0000026226043701,0.0,0.0,0.0,0.0,0.6005396842956543,0.6103499531745911,1.6636719703674316,-0.07067587971687317,-1.635791301727295,0.09257031977176666,0.0,0.0,0.0,0.0,1.0000022649765015,1.0000026226043701,0.059999980032444,-0.0025489141698926687,-0.05995497107505798,0.0034494518768042326,0.0,0.0,0.0,0.0,0.0,0.0,0.5999999642372131,0.9987263083457947,0.0
0.1847999095916748,5.97434663772583,57.295799255371094,0.5999998450279236,-0.6093766093254089,-0.025489110499620438,0.03448495268821716,1.0000022649765015,1.0000026226043701,0.0,1.0,0.6108194589614868,-0.5937484502792358,1.7881393032936899e-09,0.0,0.0,0.9999973773956299,1.0000022649765015,1.0000026226043701,0.0,0.0,0.0,0.0,0.6005396842956543,0.6103499531745911,1.6636719703674316,-0.07067587971687317,-1.635791301727295,0.09257031977176666,0.0,0.0,0.0,0.0,1.0000022649765015,1.0000026226043701,0.059999980032444,-0.0025489141698926687,-0.05995497107505798,0.0034494518768042326,0.0,0.0,0.0,0.0,0.0,0.0,0.5999999642372131,0.9987263083457947,0.0
0.18899990618228912,5.97434663772583,57.295799255371094,0.5999998450279236,-0.6093766093254089,-0.025489110499620438,0.03448495268821716,1.0000022649765015,1.0000026226043701,0.0,1.0,0.6108194589614868,-0.5937484502792358,1.7881393032936899e-09,0.0,0.0,0.9999973773956299,1.0000022649765015,1.0000026226043701,0.0,0.0,0.0,0.0,0.6005396842956543,0.6103499531745911,1.6636719703674316,-0.07067587971687317,-1.635791301727295,0.09257031977176666,0.0,0.0,0.0,0.0,1.0000022649765015,1.0000026226043701,0.059999980032444,-0.0025489141698926687,-0.05995497107505798,0.0034494518768042326,0.0,0.0,0.0,0.0,0.0,0.0,0.5999999642372131,0.9987263083457947,0.0
0.19319990277290344,5.97434663772583,57.295799255371094,0.5999998450279236,-0.6093766093254089,-0.025489110499620438,0.03448495268821716,1.0000022649765015,1.0000026226043701,0.0,1.0,0.6108194589614868,-0.5937484502792358,1.7881393032936899e-09,0.0,0.0,0.9999973773956299,1.0000022649765015,1.0000026226043701,0.0,0.0,0.0,0.0,0.6005396842956543,0.6103499531745911,1.6636719703674316,-0.07067587971687317,-1.635791301727295,0.09257031977176666,0.0,0.0,0.0,0.0,1.0000022649765015,1.0000026226043701,0.059999980032444,-0.0025489141698926687,-0.05995497107505798,0.0034494518768042326,0.0,0.0,0.0,0.0,0.0,0.0,0.5999999642372131,0.9987263083457947,0.0
0.19739989936351776,5.97434663772583,57.295799255371094,0.5999998450279236,-0.6093766093254089,-0.025489110499620438,0.03448495268821716,1.0000022649765015,1.0000026226043701,0.0,1.0,0.6108194589614868,-0.5937484502792358,1.7881393032936899e-09,0.0,0.0,0.9999973773956299,1.0000022649765015,1.0000026226043701,0.0,0.0,0.0,0.0,0.6005396842956543,0.6103499531745911,1.6636719703674316,-0.07067587971687317,-1.635791301727295,0.09257031977176666,0.0,0.0,0.0,0.0,1.0000022649765015,1.0000026226043701,0.059999980032444,-0.0025489141698926687,-0.05995497107505798,0.0034494518768042326,0.0,0.0,0.0,0.0,0.0,0.0,0.5999999642372131,0.9987263083457947,0.0
0.20159989595413208,5.97434663772583,57.295799255371094,0.5999998450279236,-0.6093766093254089,-0.025489110499620438,0.03448495268821716,1.0000022649765015,1.0000026226043701,0.0,1.0,0.6108194589614868,-0.5937484502792358,1.7881393032936899e-09,0.0,0.0,0.9999973773956299,1.0000022649765015,1.0000026226043701,0.0,0.0,0.0,0.0,0.6005396842956543,0.6103499531745911,1.6636719703674316,-0.07067587971687317,-1.635791301727295,0.09257031977176666,0.0,0.0,0.0,0.0,1.0000022649765015,1.0000026226043701,0.059999980032444,-0.0025489141698926687,-0.05995497107505798,0.0034494518768042326,0.0,0.0,0.0,0.0,0.0,0.0,0.5999999642372131,0.9987263083457947,0.0
0.2057998925447464,5.97434663772583,57.295799255371094,0.5999998450279236,-0.6093766093254089,-0.025489110499620438,0.03448495268821716,1.0000022649765015,1.0000026226043701,0.0,1.0,0.6108194589614868,-0.5937484502792358,1.7881393032936899e-09,0.0,0.0,0.9999973773956299,1.0000022649765015,1.0000026226043701,0.0,0.0,0.0,0.0,0.6005396842956543,0.6103499531745911,1.6636719703674316,-0.07067587971687317,-1.635791301727295,0.09257031977176666,0.0,0.0,0.0,0.0,1.0000022649765015,1.0000026226043701,0.059999980032444,-0.0025489141698926687,-0.05995497107505798,0.0034494518768042326,0.0,0.0,0.0,0.0,0.0,0.0,0.5999999642372131,0.9987263083457947,0.0
0.20999988913536072,5.97434663772583,57.295799255371094,0.5999998450279236,-0.6093766093254089,-0.025489110499620438,0.03448495268821716,1.0000022649765015,1.0000026226043701,0.0,1.0,0.6108194589614868,-0.5937484502792358,1.7881393032936899e-09,0.0,0.0,0.9999973773956299,1.0000022649765015,1.0000026226043701,0.0,0.0,0.0,0.0,0.6005396842956543,0.6103499531745911,1.6636719703674316,-0.07067587971687317,-1.635791301727295,0.09257031977176666,0.0,0.0,0.0,0.0,1.0000022649765015,1.0000026226043701,0.059999980032444,-0.0025489141698926687,-0.05995497107505798,0.0034494518768042326,0.0,0.0,0.0,0.0,0.0,0.0,0.5999999642372131,0.9987263083457947,0.0
0.21419988572597504,5.97434663772583,57.295799255371094,0.5999998450279236,-0.6093766093254089,-0.025489110499620438,0.03448495268821716,1.0000022649765015,1.0000026226043701,0.0,1.0,0.6108194589614868,-0.5937484502792358,1.7881393032936899e-09,0.0,0.0,0.9999973773956299,1.0000022649765015,1.0000026226043701,0.0,0.0,0.0,0.0,0.6005396842956543,0.6103499531745911,1.6636719703674316,-0.07067587971687317,-1.635791301727295,0.09257031977176666,0.0,0.0,0.0,0.0,1.0000022649765015,1.0000026226043701,0.059999980032444,-0.0025489141698926687,-0.05995497107505798,0.0034494518768042326,0.0,0.0,0.0,0.0,0.0,0.0,0.5999999642372131,0.9987263083457947,0.0
0.21839988231658936,5.97434663772583,57.295799255371094,0.5999998450279236,-0.6093766093254089,-0.025489110499620438,0.03448495268821716,1.0000022649765015,1.0000026226043701,0.0,1.0,0.6108194589614868,-0.5937484502792358,1.7881393032936899e-09,0.0,0.0,0.9999973773956299,1.0000022649765015,1.0000026226043701,0.0,0.0,0.0,0.0,0.6005396842956543,0.6103499531745911,1.6636719703674316,-0.07067587971687317,-1.635791301727295,0.09257031977176666,0.0,0.0,0.0,0.0,1.0000022649765015,1.0000026226043701,0.059999980032444,-0.0025489141698926687,-0.05995497107505798,0.0034494518768042326,0.0,0.0,0.0,0.0,0.0,0.0,0.5999999642372131,0.9987263083457947,0.0
0.22259987890720367,5.97434663772583,57.295799255371094,0.5999998450279236,-0.6093766093254089,-0.025489110499620438,0.03448495268821716,1.0000022649765015,1.0000026226043701,0.0,1.0,0.6108194589614868,-0.5937484502792358,1.7881393032936899e-09,0.0,0.0,0.9999973773956299,1.0000022649765015,1.0000026226043701,0.0,0.0,0.0,0.0,0.6005396842956543,0.6103499531745911,1.6636719703674316,-0.07067587971687317,-1.635791301727295,0.09257031977176666,0.0,0.0,0.0,0.0,1.0000022649765015,1.0000026226043701,0.059999980032444,-0.0025489141698926687,-0.05995497107505798,0.0034494518768042326,0.0,0.0,0.0,0.0,0.0,0.0,0.5999999642372131,0.9987263083457947,0.0
0.226799875497818,5.97434663772583,57.295799255371094,0.5999998450279236,-0.6093766093254089,-0.025489110499620438,0.03448495268821716,1.0000022649765015,1.0000026226043701,0.0,1.0,0.6108194589614868,-0.5937484502792358,1.7881393032936899e-09,0.0,0.0,0.9999973773956299,1.0000022649765015,1.0000026226043701,0.0,0.0,0.0,0.0,0.6005396842956543,0.6103499531745911,1.6636719703674316,-0.07067587971687317,-1.635791301727295,0.09257031977176666,0.0,0.0,0.0,0.0,1.0000022649765015,1.0000026226043701,0.059999980032444,-0.0025489141698926687,-0.05995497107505798,0.0034494518768042326,0.0,0.0,0.0,0.0,0.0,0.0,0.5999999642372131,0.9987263083457947,0.0
0.2309998720884323,5.97434663772583,57.295799255371094,0.5999998450279236,-0.6093766093254089,-0.025489110499620438,0.03448495268821716,1.0000022649765015,1.0000026226043701,0.0,1.0,0.6108194589614868,-0.5937484502792358,1.7881393032936899e-09,0.0,0.0,0.9999973773956299,1.0000022649765015,1.0000026226043701,0.0,0.0,0.0,0.0,0.6005396842956543,0.6103499531745911,1.6636719703674316,-0.07067587971687317,-1.635791301727295,0.09257031977176666,0.0,0.0,0.0,0.0,1.0000022649765015,1.0000026226043701,0.059999980032444,-0.0025489141698926687,-0.05995497107505798,0.0034494518768042326,0.0,0.0,0.0,0.0,0.0,0.0,0.5999999642372131,0.9987263083457947,0.0
0.23519986867904663,5.97434663772583,57.295799255371094,0.5999998450279236,-0.6093766093254089,-0.025489110499620438,0.03448495268821716,1.0000022649765015,1.0000026226043701,0.0,1.0,0.6108194589614868,-0.5937484502792358,1.7881393032936899e-09,0.0,0.0,0.9999973773956299,1.0000022649765015,1.0000026226043701,0.0,0.0,0.0,0.0,0.6005396842956543,0.6103499531745911,1.6636719703674316,-0.07067587971687317,-1.635791301727295,0.09257031977176666,0.0,0.0,0.0,0.0,1.0000022649765015,1.0000026226043701,0.059999980032444,-0.0025489141698926687,-0.05995497107505798,0.0034494518768042326,0.0,0.0,0.0,0.0,0.0,0.0,0.5999999642372131,0.9987263083457947,0.0
0.23939986526966095,5.97434663772583,57.295799255371094,0.5999998450279236,-0.6093766093254089,-0.025489110499620438,0.03448495268821716,1.0000022649765015,1.0000026226043701,0.0,1.0,0.6108194589614868,-0.5937484502792358,1.7881393032936899e-09,0.0,0.0,0.9999973773956299,1.0000022649765015,1.0000026226043701,0.0,0.0,0.0,0.0,0.6005396842956543,0.6103499531745911,1.6636719703674316,-0.07067587971687317,-1.635791301727295,0.09257031977176666,0.0,0.0,0.0,0.0,1.0000022649765015,1.0000026226043701,0.059999980032444,-0.0025489141698926687,-0.05995497107505798,0.0034494518768042326,0.0,0.0,0.0,0.0,0.0,0.0,0.5999999642372131,0.9987263083457947,0.0
0.24359986186027527,5.97434663772583,57.295799255371094,0.5999998450279236,-0.6093766093254089,-0.025489110499620438,0.03448495268821716,1.0000022649765015,1.0000026226043701,0.0,1.0,0.6108194589614868,-0.5937484502792358,1.7881393032936899e-09,0.0,0.0,0.9999973773956299,1.0000022649765015,1.0000026226043701,0.0,0.0,0.0,0.0,0.6005396842956543,0.6103499531745911,1.6636719703674316,-0.07067587971687317,-1.635791301727295,0.09257031977176666,0.0,0.0,0.0,0.0,1.0000022649765015,1.0000026226043701,0.059999980032444,-0.0025489141698926687,-0.05995497107505798,0.0034494518768042326,0.0,0.0,0.0,0.0,0.0,0.0,0.5999999642372131,0.9987263083457947,0.0
0.2477998584508896,5.97434663772583,57.295799255371094,0.5999998450279236,-0.6093766093254089,-0.025489110499620438,0.03448495268821716,1.0000022649765015,1.0000026226043701,0.0,1.0,0.6108194589614868,-0.5937484502792358,1.7881393032936899e-09,0.0,0.0,0.9999973773956299,1.0000022649765015,1.0000026226043701,0.0,0.0,0.0,0.0,0.6005396842956543,0.6103499531745911,1.6636719703674316,-0.07067587971687317,-1.635791301727295,0.09257031977176666,0.0,0.0,0.0,0.0,1.0000022649765015,1.0000026226043701,0.059999980032444,-0.0025489141698926687,-0.05995497107505798,0.0034494518768042326,0.0,0.0,0.0,0.0,0.0,0.0,0.5999999642372131,0.9987263083457947,0.0
0.2519998550415039,5.97434663772583,57.295799255371094,0.5999998450279236,-0.6093766093254089,-0.025489110499620438,0.03448495268821716,1.0000022649765015,1.0000026226043701,0.0,1.0,0.6108194589614868,-0.5937484502792358,1.7881393032936899e-09,0.0,0.0,0.9999973773956299,1.0000022649765015,1.0000026226043701,0.0,0.0,0.0,0.0,0.6005396842956543,0.6103499531745911,1.6636719703674316,-0.07067587971687317,-1.635791301727295,0.09257031977176666,0.0,0.0,0.0,0.0,1.0000022649765015,1.0000026226043701,0.059999980032444,-0.0025489141698926687,-0.05995497107505798,0.0034494518768042326,0.0,0.0,0.0,0.0,0.0,0.0,0.5999999642372131,0.9987263083457947,0.0
0.2561998665332794,5.97434663772583,57.295799255371094,0.5999998450279236,-0.6093766093254089,-0.025489110499620438,0.03448495268821716,1.0000022649765015,1.0000026226043701,0.0,1.0,0.6108194589614868,-0.5937484502792358,1.7881393032936899e-09,0.0,0.0,0.9999973773956299,1.0000022649765015,1.0000026226043701,0.0,0.0,0.0,0.0,0.6005396842956543,0.6103499531745911,1.6636719703674316,-0.07067587971687317,-1.635791301727295,0.09257031977176666,0.0,0.0,0.0,0.0,1.0000022649765015,1.0000026226043701,0.059999980032444,-0.0025489141698926687,-0.05995497107505798,0.0034494518768042326,0.0,0.0,0.0,0.0,0.0,0.0,0.5999999642372131,0.9987263083457947,0.0
0.26039987802505493,5.97434663772583,57.295799255371094,0.5999998450279236,-0.6093766093254089,-0.025489110499620438,0.03448495268821716,1.0000022649765015,1.0000026226043701,0.0,1.0,0.6108194589614868,-0.5937484502792358,1.7881393032936899e-09,0.0,0.0,0.9999973773956299,1.0000022649765015,1.0000026226043701,0.0,0.0,0.0,0.0,0.6005396842956543,0.6103499531745911,1.6636719703674316,-0.07067587971687317,-1.635791301727295,0.09257031977176666,0.0,0.0,0.0,0.0,1.0000022649765015,1.0000026226043701,0.059999980032444,-0.0025489141698926687,-0.05995497107505798,0.0034494518768042326,0.0,0.0,0.0,0.0,0.0,0.0,0.5999999642372131,0.9987263083457947,0.0
0.26459988951683044,5.97434663772583,57.295799255371094,0.5999998450279236,-0.6093766093254089,-0.025489110499620438,0.03448495268821716,1.0000022649765015,1.0000026226043701,0.0,1.0,0.6108194589614868,-0.5937484502792358,1.7881393032936899e-09,0.0,0.0,0.9999973773956299,1.0000022649765015,1.0000026226043701,0.0,0.0,0.0,0.0,0.6005396842956543,0.6103499531745911,1.6636719703674316,-0.07067587971687317,-1.635791301727295,0.09257031977176666,0.0,0.0,0.0,0.0,1.0000022649765015,1.0000026226043701,0.059999980032444,-0.0025489141698926687,-0.05995497107505798,0.0034494518768042326,0.0,0.0,0.0,0.0,0.0,0.0,0.5999999642372131,0.9987263083457947,0.0
0.26879990100860596,5.97434663772583,57.295799255371094,0.5999998450279236,-0.6093766093254089,-0.025489110499620438,0.03448495268821716,1.0000022649765015,1.0000026226043701,0.0,1.0,0.6108194589614868,-0.5937484502792358,1.7881393032936899e-09,0.0,0.0,0.9999973773956299,1.0000022649765015,1.0000026226043701,0.0,0.0,0.0,0.0,0.6005396842956543,0.6103499531745911,1.6636719703674316,-0.07067587971687317,-1.635791301727295,0.09257031977176666,0.0,0.0,0.0,0.0,1.0000022649765015,1.0000026226043701,0.059999980032444,-0.0025489141698926687,-0.05995497107505798,0.0034494518768042326,0.0,0.0,0.0,0.0,0.0,0.0,0.5999999642372131,0.9987263083457947,0.0
0.27299991250038147,5.97434663772583,57.295799255371094,0.5999998450279236,-0.6093766093254089,-0.025489110499620438,0.03448495268821716,1.0000022649765015,1.0000026226043701,0.0,1.0,0.6108194589614868,-0.5937484502792358,1.7881393032936899e-09,0.0,0.0,0.9999973773956299,1.0000022649765015,1.0000026226043701,0.0,0.0,0.0,0.0,0.6005396842956543,0.6103499531745911,1.6636719703674316,-0.07067587971687317,-1.635791301727295,0.09257031977176666,0.0,0.0,0.0,0.0,1.0000022649765015,1.0000026226043701,0.059999980032444,-0.0025489141698926687,-0.05995497107505798,0.0034494518768042326,0.0,0.0,0.0,0.0,0.0,0.0,0.5999999642372131,0.9987263083457947,0.0
0.277199923992157,5.97434663772583,57.295799255371094,0.5999998450279236,-0.6093766093254089,-0.025489110499620438,0.03448495268821716,1.0000022649765015,1.0000026226043701,0.0,1.0,0.6108194589614868,-0.5937484502792358,1.7881393032936899e-09,0.0,0.0,0.9999973773956299,1.0000022649765015,1.0000026226043701,0.0,0.0,0.0,0.0,0.6005396842956543,0.6103499531745911,1.6636719703674316,-0.07067587971687317,-1.635791301727295,0.09257031977176666,0.0,0.0,0.0,0.0,1.0000022649765015,1.0000026226043701,0.059999980032444,-0.0025489141698926687,-0.05995497107505798,0.0034494518768042326,0.0,0.0,0.0,0.0,0.0,0.0,0.5999999642372131,0.9987263083457947,0.0
0.2813999354839325,5.97434663772583,57.295799255371094,0.5999998450279236,-0.6093766093254089,-0.025489110499620438,0.03448495268821716,1.0000022649765015,1.0000026226043701,0.0,1.0,0.6108194589614868,-0.5937484502792358,1.7881393032936899e-09,0.0,0.0,0.9999973773956299,1.0000022649765015,1.0000026226043701,0.0,0.0,0.0,0.0,0.6005396842956543,0.6103499531745911,1.6636719703674316,-0.07067587971687317,-1.635791301727295,0.09257031977176666,0.0,0.0,0.0,0.0,1.0000022649765015,1.0000026226043701,0.059999980032444,-0.0025489141698926687,-0.05995497107505798,0.0034494518768042326,0.0,0.0,0.0,0.0,0.0,0.0,0.5999999642372131,0.9987263083457947,0.0
0.285599946975708,5.97434663772583,57.295799255371094,0.5999998450279236,-0.6093766093254089,-0.025489110499620438,0.03448495268821716,1.0000022649765015,1.0000026226043701,0.0,1.0,0.6108194589614868,-0.5937484502792358,1.7881393032936899e-09,0.0,0.0,0.9999973773956299,1.0000022649765015,1.0000026226043701,0.0,0.0,0.0,0.0,0.6005396842956543,0.6103499531745911,1.6636719703674316,-0.07067587971687317,-1.635791301727295,0.09257031977176666,0.0,0.0,0.0,0.0,1.0000022649765015,1.0000026226043701,0.059999980032444,-0.0025489141698926687,-0.05995497107505798,0.0034494518768042326,0.0,0.0,0.0,0.0,0.0,0.0,0.5999999642372131,0.9987263083457947,0.0
0.2897999584674835,5.97434663772583,57.295799255371094,0.5999998450279236,-0.6093766093254089,-0.025489110499620438,0.03448495268821716,1.0000022649765015,1.0000026226043701,0.0,1.0,0.6108194589614868,-0.5937484502792358,1.7881393032936899e-09,0.0,0.0,0.9999973773956299,1.0000022649765015,1.0000026226043701,0.0,0.0,0.0,0.0,0.6005396842956543,0.6103499531745911,1.6636719703674316,-0.07067587971687317,-1.635791301727295,0.09257031977176666,0.0,0.0,0.0,0.0,1.0000022649765015,1.0000026226043701,0.059999980032444,-0.0025489141698926687,-0.05995497107505798,0.0034494518768042326,0.0,0.0,0.0,0.0,0.0,0.0,0.5999999642372131,0.9987263083457947,0.0
0.29399996995925903,5.97434663772583,57.295799255371094,0.5999998450279236,-0.6093766093254089,-0.025489110499620438,0.03448495268821716,1.0000022649765015,1.0000026226043701,0.0,1.0,0.6108194589614868,-0.5937484502792358,1.7881393032936899e-09,0.0,0.0,0.9999973773956299,1.0000022649765015,1.0000026226043701,0.0,0.0,0.0,0.0,0.6005396842956543,0.6103499531745911,1.6636719703674316,-0.07067587971687317,-1.635791301727295,0.09257031977176666,0.0,0.0,0.0,0.0,1.0000022649765015,1.0000026226043701,0.059999980032444,-0.0025489141698926687,-0.05995497107505798,0.0034494518768042326,0.0,0.0,0.0,0.0,0.0,0.0,0.5999999642372131,0.9987263083457947,0.0
0.29819998145103455,5.97434663772583,57.295799255371094,0.5999998450279236,-0.6093766093254089,-0.025489110499620438,0.03448495268821716,1.0000022649765015,1.0000026226043701,0.0,1.0,0.6108194589614868,-0.5937484502792358,1.7881393032936899e-09,0.0,0.0,0.9999973773956299,1.0000022649765015,1.0000026226043701,0.0,0.0,0.0,0.0,0.6005396842956543,0.6103499531745911,1.6636719703674316,-0.07067587971687317,-1.635791301727295,0.09257031977176666,0.0,0.0,0.0,0.0,1.0000022649765015,1.0000026226043701,0.059999980032444,-0.0025489141698926687,-0.05995497107505798,0.0034494518768042326,0.0,0.0,0.0,0.0,0.0,0.0,0.5999999642372131,0.9987263083457947,0.0
0.30239999294281006,5.97434663772583,57.295799255371094,0.5999998450279236,-0.6093766093254089,-0.025489110499620438,0.03448495268821716,1.0000022649765015,1.0000026226043701,0.0,1.0,0.6108194589614868,-0.5937484502792358,1.7881393032936899e-09,0.0,0.0,0.9999973773956299,1.0000022649765015,1.0000026226043701,0.0,0.0,0.0,0.0,0.6005396842956543,0.6103499531745911,1.6636719703674316,-0.07067587971687317,-1.635791301727295,0.09257031977176666,0.0,0.0,0.0,0.0,1.0000022649765015,1.0000026226043701,0.059999980032444,-0.0025489141698926687,-0.05995497107505798,0.0034494518768042326,0.0,0.0,0.0,0.0,0.0,0.0,0.5999999642372131,0.9987263083457947,0.0
0.30660000443458557,5.97434663772583,57.295799255371094,0.5999998450279236,-0.6093766093254089,-0.025489110499620438,0.03448495268821716,1.0000022649765015,1.0000026226043701,0.0,1.0,0.6108194589614868,-0.5937484502792358,1.7881393032936899e-09,0.0,0.0,0.9999973773956299,1.0000022649765015,1.0000026226043701,0.0,0.0,0.0,0.0,0.6005396842956543,0.6103499531745911,1.6636719703674316,-0.07067587971687317,-1.635791301727295,0.09257031977176666,0.0,0.0,0.0,0.0,1.0000022649765015,1.0000026226043701,0.059999980032444,-0.0025489141698926687,-0.05995497107505798,0.0034494518768042326,0.0,0.0,0.0,0.0,0.0,0.0,0.5999999642372131,0.9987263083457947,0.0
0.3108000159263611,5.97434663772583,57.295799255371094,0.5999998450279236,-0.6093766093254089,-0.025489110499620438,0.03448495268821716,1.0000022649765015,1.0000026226043701,0.0,1.0,0.6108194589614868,-0.5937484502792358,1.7881393032936899e-09,0.0,0.0,0.9999973773956299,1.0000022649765015,1.0000026226043701,0.0,0.0,0.0,0.0,0.6005396842956543,0.6103499531745911,1.6636719703674316,-0.07067587971687317,-1.635791301727295,0.09257031977176666,0.0,0.0,0.0,0.0,1.0000022649765015,1.0000026226043701,0.059999980032444,-0.0025489141698926687,-0.05995497107505798,0.0034494518768042326,0.0,0.0,0.0,0.0,0.0,0.0,0.5999999642372131,0.9987263083457947,0.0
0.3150000274181366,5.97434663772583,57.295799255371094,0.5999998450279236,-0.6093766093254089,-0.025489110499620438,0.03448495268821716,1.0000022649765015,1.0000026226043701,0.0,1.0,0.6108194589614868,-0.5937484502792358,1.7881393032936899e-09,0.0,0.0,0.9999973773956299,1.0000022649765015,1.0000026226043701,0.0,0.0,0.0,0.0,0.6005396842956543,0.6103499531745911,1.6636719703674316,-0.07067587971687317,-1.635791301727295,0.09257031977176666,0.0,0.0,0.0,0.0,1.0000022649765015,1.0000026226043701,0.059999980032444,-0.0025489141698926687,-0.05995497107505798,0.0034494518768042326,0.0,0.0,0.0,0.0,0.0,0.0,0.5999999642372131,0.9987263083457947,0.0
0.3192000389099121,5.97434663772583,57.295799255371094,0.5999998450279236,-0.6093766093254089,-0.025489110499620438,0.03448495268821716,1.0000022649765015,1.0000026226043701,0.0,1.0,0.6108194589614868,-0.5937484502792358,1.7881393032936899e-09,0.0,0.0,0.9999973773956299,1.0000022649765015,1.0000026226043701,0.0,0.0,0.0,0.0,0.6005396842956543,0.6103499531745911,1.6636719703674316,-0.07067587971687317,-1.635791301727295,0.09257031977176666,0.0,0.0,0.0,0.0,1.0000022649765015,1.0000026226043701,0.059999980032444,-0.0025489141698926687,-0.05995497107505798,0.0034494518768042326,0.0,0.0,0.0,0.0,0.0,0.0,0.5999999642372131,0.9987263083457947,0.0
0.3234000504016876,5.97434663772583,57.295799255371094,0.5999998450279236,-0.6093766093254089,-0.025489110499620438,0.03448495268821716,1.0000022649765015,1.0000026226043701,0.0,1.0,0.6108194589614868,-0.5937484502792358,1.7881393032936899e-09,0.0,0.0,0.9999973773956299,1.0000022649765015,1.0000026226043701,0.0,0.0,0.0,0.0,0.6005396842956543,0.6103499531745911,1.6636719703674316,-0.07067587971687317,-1.635791301727295,0.09257031977176666,0.0,0.0,0.0,0.0,1.0000022649765015,1.0000026226043701,0.059999980032444,-0.0025489141698926687,-0.05995497107505798,0.0034494518768042326,0.0,0.0,0.0,0.0,0.0,0.0,0.5999999642372131,0.9987263083457947,0.0
0.32760006189346313,5.97434663772583,57.295799255371094,0.5999998450279236,-0.6093766093254089,-0.025489110499620438,0.03448495268821716,1.0000022649765015,1.0000026226043701,0.0,1.0,0.6108194589614868,-0.5937484502792358,1.7881393032936899e-09,0.0,0.0,0.9999973773956299,1.0000022649765015,1.0000026226043701,0.0,0.0,0.0,0.0,0.6005396842956543,0.6103499531745911,1.6636719703674316,-0.07067587971687317,-1.635791301727295,0.09257031977176666,0.0,0.0,0.0,0.0,1.0000022649765015,1.0000026226043701,0.059999980032444,-0.0025489141698926687,-0.05995497107505798,0.0034494518768042326,0.0,0.0,0.0,0.0,0.0,0.0,0.5999999642372131,0.9987263083457947,0.0
0.33180007338523865,5.97434663772583,57.295799255371094,0.5999998450279236,-0.6093766093254089,-0.025489110499620438,0.03448495268821716,1.0000022649765015,1.0000026226043701,0.0,1.0,0.6108194589614868,-0.5937484502792358,1.7881393032936899e-09,0.0,0.0,0.9999973773956299,1.0000022649765015,1.0000026226043701,0.0,0.0,0.0,0.0,0.6005396842956543,0.6103499531745911,1.6636719703674316,-0.07067587971687317,-1.635791301727295,0.09257031977176666,0.0,0.0,0.0,0.0,1.0000022649765015,1.0000026226043701,0.059999980032444,-0.0025489141698926687,-0.05995497107505798,0.0034494518768042326,0.0,0.0,0.0,0.0,0.0,0.0,0.5999999642372131,0.9987263083457947,0.0
0.33600008487701416,5.97434663772583,57.295799255371094,0.5999998450279236,-0.6093766093254089,-0.025489110499620438,0.03448495268821716,1.0000022649765015,1.0000026226043701,0.0,1.0,0.6108194589614868,-0.5937484502792358,1.7881393032936899e-09,0.0,0.0,0.9999973773956299,1.0000022649765015,1.0000026226043701,0.0,0.0,0.0,0.0,0.6005396842956543,0.6103499531745911,1.6636719703674316,-0.07067587971687317,-1.635791301727295,0.09257031977176666,0.0,0.0,0.0,0.0,1.0000022649765015,1.0000026226043701,0.059999980032444,-0.0025489141698926687,-0.05995497107505798,0.0034494518768042326,0.0,0.0,0.0,0.0,0.0,0.0,0.5999999642372131,0.9987263083457947,0.0
0.3402000963687897,5.97434663772583,57.295799255371094,0.5999998450279236,-0.6093766093254089,-0.025489110499620438,0.03448495268821716,1.0000022649765015,1.0000026226043701,0.0,1.0,0.6108194589614868,-0.5937484502792358,1.7881393032936899e-09,0.0,0.0,0.9999973773956299,1.0000022649765015,1.0000026226043701,0.0,0.0,0.0,0.0,0.6005396842956543,0.6103499531745911,1.6636719703674316,-0.07067587971687317,-1.635791301727295,0.09257031977176666,0.0,0.0,0.0,0.0,1.0000022649765015,1.0000026226043701,0.059999980032444,-0.0025489141698926687,-0.05995497107505798,0.0034494518768042326,0.0,0.0,0.0,0.0,0.0,0.0,0.5999999642372131,0.9987263083457947,0.0
0.3444001078605652,5.97434663772583,57.295799255371094,0.5999998450279236,-0.6093766093254089,-0.025489110499620438,0.03448495268821716,1.0000022649765015,1.0000026226043701,0.0,1.0,0.6108194589614868,-0.5937484502792358,1.7881393032936899e-09,0.0,0.0,0.9999973773956299,1.0000022649765015,1.0000026226043701,0.0,0.0,0.0,0.0,0.6005396842956543,0.6103499531745911,1.6636719703674316,-0.07067587971687317,-1.635791301727295,0.09257031977176666,0.0,0.0,0.0,0.0,1.0000022649765015,1.0000026226043701,0.059999980032444,-0.0025489141698926687,-0.05995497107505798,0.0034494518768042326,0.0,0.0,0.0,0.0,0.0,0.0,0.5999999642372131,0.9987263083457947,0.0
0.3486001193523407,5.97434663772583,57.295799255371094,0.5999998450279236,-0.6093766093254089,-0.025489110499620438,0.03448495268821716,1.0000022649765015,1.0000026226043701,0.0,1.0,0.6108194589614868,-0.5937484502792358,1.7881393032936899e-09,0.0,0.0,0.9999973773956299,1.0000022649765015,1.0000026226043701,0.0,0.0,0.0,0.0,0.6005396842956543,0.6103499531745911,1.6636719703674316,-0.07067587971687317,-1.635791301727295,0.09257031977176666,0.0,0.0,0.0,0.0,1.0000022649765015,1.0000026226043701,0.059999980032444,-0.0025489141698926687,-0.05995497107505798,0.0034494518768042326,0.0,0.0,0.0,0.0,0.0,0.0,0.5999999642372131,0.9987263083457947,0.0
0.3528001308441162,5.97434663772583,57.295799255371094,0.5999998450279236,-0.6093766093254089,-0.025489110499620438,0.03448495268821716,1.0000022649765015,1.0000026226043701,0.0,1.0,0.6108194589614868,-0.5937484502792358,1.7881393032936899e-09,0.0,0.0,0.9999973773956299,1.0000022649765015,1.0000026226043701,0.0,0.0,0.0,0.0,0.6005396842956543,0.6103499531745911,1.6636719703674316,-0.07067587971687317,-1.635791301727295,0.09257031977176666,0.0,0.0,0.0,0.0,1.0000022649765015,1.0000026226043701,0.059999980032444,-0.0025489141698926687,-0.05995497107505798,0.0034494518768042326,0.0,0.0,0.0,0.0,0.0,0.0,0.5999999642372131,0.9987263083457947,0.0
0.3570001423358917,5.97434663772583,57.295799255371094,0.5999998450279236,-0.6093766093254089,-0.025489110499620438,0.03448495268821716,1.0000022649765015,1.0000026226043701,0.0,1.0,0.6108194589614868,-0.5937484502792358,1.7881393032936899e-09,0.0,0.0,0.9999973773956299,1.0000022649765015,1.0000026226043701,0.0,0.0,0.0,0.0,0.6005396842956543,0.6103499531745911,1.6636719703674316,-0.07067587971687317,-1.635791301727295,0.09257031977176666,0.0,0.0,0.0,0.0,1.0000022649765015,1.0000026226043701,0.059999980032444,-0.0025489141698926687,-0.05995497107505798,0.0034494518768042326,0.0,0.0,0.0,0.0,0.0,0.0,0.5999999642372131,0.9987263083457947,0.0
0.36120015382766724,5.97434663772583,57.295799255371094,0.5999998450279236,-0.6093766093254089,-0.025489110499620438,0.03448495268821716,1.0000022649765015,1.0000026226043701,0.0,1.0,0.6108194589614868,-0.5937484502792358,1.7881393032936899e-09,0.0,0.0,0.9999973773956299,1.0000022649765015,1.0000026226043701,0.0,0.0,0.0,0.0,0.6005396842956543,0.6103499531745911,1.6636719703674316,-0.07067587971687317,-1.635791301727295,0.09257031977176666,0.0,0.0,0.0,0.0,1.0000022649765015,1.0000026226043701,0.059999980032444,-0.0025489141698926687,-0.05995497107505798,0.0034494518768042326,0.0,0.0,0.0,0.0,0.0,0.0,0.5999999642372131,0.9987263083457947,0.0
0.36540016531944275,5.97434663772583,57.295799255371094,0.5999998450279236,-0.6093766093254089,-0.025489110499620438,0.03448495268821716,1.0000022649765015,1.0000026226043701,0.0,1.0,0.6108194589614868,-0.5937484502792358,1.7881393032936899e-09,0.0,0.0,0.9999973773956299,1.0000022649765015,1.0000026226043701,0.0,0.0,0.0,0.0,0.6005396842956543,0.6103499531745911,1.6636719703674316,-0.07067587971687317,-1.635791301727295,0.09257031977176666,0.0,0.0,0.0,0.0,1.0000022649765015,1.0000026226043701,0.059999980032444,-0.0025489141698926687,-0.05995497107505798,0.0034494518768042326,0.0,0.0,0.0,0.0,0.0,0.0,0.5999999642372131,0.9987263083457947,0.0
0.36960017681121826,5.97434663772583,57.295799255371094,0.5999998450279236,-0.6093766093254089,-0.025489110499620438,0.03448495268821716,1.0000022649765015,1.0000026226043701,0.0,1.0,0.6108194589614868,-0.5937484502792358,1.7881393032936899e-09,0.0,0.0,0.9999973773956299,1.0000022649765015,1.0000026226043701,0.0,0.0,0.0,0.0,0.6005396842956543,0.6103499531745911,1.6636719703674316,-0.07067587971687317,-1.635791301727295,0.09257031977176666,0.0,0.0,0.0,0.0,1.0000022649765015,1.0000026226043701,0.059999980032444,-0.0025489141698926687,-0.05995497107505798,0.0034494518768042326,0.0,0.0,0.0,0.0,0.0,0.0,0.5999999642372131,0.9987263083457947,0.0
0.3738001883029938,5.97434663772583,57.295799255371094,0.5999998450279236,-0.6093766093254089,-0.025489110499620438,0.03448495268821716,1.0000022649765015,1.0000026226043701,0.0,1.0,0.6108194589614868,-0.5937484502792358,1.7881393032936899e-09,0.0,0.0,0.9999973773956299,1.0000022649765015,1.0000026226043701,0.0,0.0,0.0,0.0,0.6005396842956543,0.6103499531745911,1.6636719703674316,-0.07067587971687317,-1.635791301727295,0.09257031977176666,0.0,0.0,0.0,0.0,1.0000022649765015,1.0000026226043701,0.059999980032444,-0.0025489141698926687,-0.05995497107505798,0.0034494518768042326,0.0,0.0,0.0,0.0,0.0,0.0,0.5999999642372131,0.9987263083457947,0.0
0.3780001997947693,5.97434663772583,57.295799255371094,0.5999998450279236,-0.6093766093254089,-0.025489110499620438,0.03448495268821716,1.0000022649765015,1.0000026226043701,0.0,1.0,0.6108194589614868,-0.5937484502792358,1.7881393032936899e-09,0.0,0.0,0.9999973773956299,1.0000022649765015,1.0000026226043701,0.0,0.0,0.0,0.0,0.6005396842956543,0.6103499531745911,1.6636719703674316,-0.07067587971687317,-1.635791301727295,0.09257031977176666,0.0,0.0,0.0,0.0,1.0000022649765015,1.0000026226043701,0.059999980032444,-0.0025489141698926687,-0.05995497107505798,0.0034494518768042326,0.0,0.0,0.0,0.0,0.0,0.0,0.5999999642372131,0.9987263083457947,0.0
0.3822002112865448,5.97434663772583,57.295799255371094,0.5999998450279236,-0.6093766093254089,-0.025489110499620438,0.03448495268821716,1.0000022649765015,1.0000026226043701,0.0,1.0,0.6108194589614868,-0.5937484502792358,1.7881393032936899e-09,0.0,0.0,0.9999973773956299,1.0000022649765015,1.0000026226043701,0.0,0.0,0.0,0.0,0.6005396842956543,0.6103499531745911,1.6636719703674316,-0.07067587971687317,-1.635791301727295,0.09257031977176666,0.0,0.0,0.0,0.0,1.0000022649765015,1.0000026226043701,0.059999980032444,-0.0025489141698926687,-0.05995497107505798,0.0034494518768042326,0.0,0.0,0.0,0.0,0.0,0.0,0.5999999642372131,0.9987263083457947,0.0
0.3864002227783203,5.97434663772583,57.295799255371094,0.5999998450279236,-0.6093766093254089,-0.025489110499620438,0.03448495268821716,1.0000022649765015,1.0000026226043701,0.0,1.0,0.6108194589614868,-0.5937484502792358,1.7881393032936899e-09,0.0,0.0,0.9999973773956299,1.0000022649765015,1.0000026226043701,0.0,0.0,0.0,0.0,0.6005396842956543,0.6103499531745911,1.6636719703674316,-0.07067587971687317,-1.635791301727295,0.09257031977176666,0.0,0.0,0.0,0.0,1.0000022649765015,1.0000026226043701,0.059999980032444,-0.0025489141698926687,-0.05995497107505798,0.0034494518768042326,0.0,0.0,0.0,0.0,0.0,0.0,0.5999999642372131,0.9987263083457947,0.0
0.3906002342700958,5.97434663772583,57.295799255371094,0.5999998450279236,-0.6093766093254089,-0.025489110499620438,0.03448495268821716,1.0000022649765015,1.0000026226043701,0.0,1.0,0.6108194589614868,-0.5937484502792358,1.7881393032936899e-09,0.0,0.0,0.9999973773956299,1.0000022649765015,1.0000026226043701,0.0,0.0,0.0,0.0,0.6005396842956543,0.6103499531745911,1.6636719703674316,-0.07067587971687317,-1.635791301727295,0.09257031977176666,0.0,0.0,0.0,0.0,1.0000022649765015,1.0000026226043701,0.059999980032444,-0.0025489141698926687,-0.05995497107505798,0.0034494518768042326,0.0,0.0,0.0,0.0,0.0,0.0,0.5999999642372131,0.9987263083457947,0.0
0.39480024576187134,5.97434663772583,57.295799255371094,0.5999998450279236,-0.6093766093254089,-0.025489110499620438,0.03448495268821716,1.0000022649765015,1.0000026226043701,0.0,1.0,0.6108194589614868,-0.5937484502792358,1.7881393032936899e-09,0.0,0.0,0.9999973773956299,1.0000022649765015,1.0000026226043701,0.0,0.0,0.0,0.0,0.6005396842956543,0.6103499531745911,1.6636719703674316,-0.07067587971687317,-1.635791301727295,0.09257031977176666,0.0,0.0,0.0,0.0,1.0000022649765015,1.0000026226043701,0.059999980032444,-0.0025489141698926687,-0.05995497107505798,0.0034494518768042326,0.0,0.0,0.0,0.0,0.0,0.0,0.5999999642372131,0.9987263083457947,0.0
0.39900025725364685,5.97434663772583,57.295799255371094,0.5999998450279236,-0.6093766093254089,-0.025489110499620438,0.03448495268821716,1.0000022649765015,1.0000026226043701,0.0,1.0,0.6108194589614868,-0.5937484502792358,1.7881393032936899e-09,0.0,0.0,0.9999973773956299,1.0000022649765015,1.0000026226043701,0.0,0.0,0.0,0.0,0.6005396842956543,0.6103499531745911,1.6636719703674316,-0.07067587971687317,-1.635791301727295,0.09257031977176666,0.0,0.0,0.0,0.0,1.0000022649765015,1.0000026226043701,0.059999980032444,-0.0025489141698926687,-0.05995497107505798,0.0034494518768042326,0.0,0.0,0.0,0.0,0.0,0.0,0.5999999642372131,0.9987263083457947,0.0
0.40320026874542236,5.97434663772583,57.295799255371094,0.5999998450279236,-0.6093766093254089,-0.025489110499620438,0.03448495268821716,1.0000022649765015,1.0000026226043701,0.0,1.0,0.6108194589614868,-0.5937484502792358,1.7881393032936899e-09,0.0,0.0,0.9999973773956299,1.0000022649765015,1.0000026226043701,0.0,0.0,0.0,0.0,0.6005396842956543,0.6103499531745911,1.6636719703674316,-0.07067587971687317,-1.635791301727295,0.09257031977176666,0.0,0.0,0.0,0.0,1.0000022649765015,1.0000026226043701,0.059999980032444,-0.0025489141698926687,-0.05995497107505798,0.0034494518768042326,0.0,0.0,0.0,0.0,0.0,0.0,0.5999999642372131,0.9987263083457947,0.0
0.4074002802371979,5.97434663772583,57.295799255371094,0.5999998450279236,-0.6093766093254089,-0.025489110499620438,0.03448495268821716,1.0000022649765015,1.0000026226043701,0.0,1.0,0.6108194589614868,-0.5937484502792358,1.7881393032936899e-09,0.0,0.0,0.9999973773956299,1.0000022649765015,1.0000026226043701,0.0,0.0,0.0,0.0,0.6005396842956543,0.6103499531745911,1.6636719703674316,-0.07067587971687317,-1.635791301727295,0.09257031977176666,0.0,0.0,0.0,0.0,1.0000022649765015,1.0000026226043701,0.059999980032444,-0.0025489141698926687,-0.05995497107505798,0.0034494518768042326,0.0,0.0,0.0,0.0,0.0,0.0,0.5999999642372131,0.9987263083457947,0.0
0.4116002917289734,5.97434663772583,57.295799255371094,0.5999998450279236,-0.6093766093254089,-0.025489110499620438,0.03448495268821716,1.0000022649765015,1.0000026226043701,0.0,1.0,0.6108194589614868,-0.5937484502792358,1.7881393032936899e-09,0.0,0.0,0.9999973773956299,1.0000022649765015,1.0000026226043701,0.0,0.0,0.0,0.0,0.6005396842956543,0.6103499531745911,1.6636719703674316,-0.07067587971687317,-1.635791301727295,0.09257031977176666,0.0,0.0,0.0,0.0,1.0000022649765015,1.0000026226043701,0.059999980032444,-0.0025489141698926687,-0.05995497107505798,0.0034494518768042326,0.0,0.0,0.0,0.0,0.0,0.0,0.5999999642372131,0.9987263083457947,0.0
0.4158003032207489,5.97434663772583,57.295799255371094,0.5999998450279236,-0.6093766093254089,-0.025489110499620438,0.03448495268821716,1.0000022649765015,1.0000026226043701,0.0,1.0,0.6108194589614868,-0.5937484502792358,1.7881393032936899e-09,0.0,0.0,0.9999973773956299,1.0000022649765015,1.0000026226043701,0.0,0.0,0.0,0.0,0.6005396842956543,0.6103499531745911,1.6636719703674316,-0.07067587971687317,-1.635791301727295,0.09257031977176666,0.0,0.0,0.0,0.0,1.0000022649765015,1.0000026226043701,0.059999980032444,-0.0025489141698926687,-0.05995497107505798,0.0034494518768042326,0.0,0.0,0.0,0.0,0.0,0.0,0.5999999642372131,0.9987263083457947,0.0
0.4200003147125244,5.97434663772583,57.295799255371094,0.5999998450279236,-0.6093766093254089,-0.025489110499620438,0.03448495268821716,1.0000022649765015,1.0000026226043701,0.0,1.0,0.6108194589614868,-0.5937484502792358,1.7881393032936899e-09,0.0,0.0,0.9999973773956299,1.0000022649765015,1.0000026226043701,0.0,0.0,0.0,0.0,0.6005396842956543,0.6103499531745911,1.6636719703674316,-0.07067587971687317,-1.635791301727295,0.09257031977176666,0.0,0.0,0.0,0.0,1.0000022649765015,1.0000026226043701,0.059999980032444,-0.0025489141698926687,-0.05995497107505798,0.0034494518768042326,0.0,0.0,0.0,0.0,0.0,0.0,0.5999999642372131,0.9987263083457947,0.0
0.4242003262042999,5.97434663772583,57.295799255371094,0.5999998450279236,-0.6093766093254089,-0.025489110499620438,0.03448495268821716,1.0000022649765015,1.0000026226043701,0.0,1.0,0.6108194589614868,-0.5937484502792358,1.7881393032936899e-09,0.0,0.0,0.9999973773956299,1.0000022649765015,1.0000026226043701,0.0,0.0,0.0,0.0,0.6005396842956543,0.6103499531745911,1.6636719703674316,-0.07067587971687317,-1.635791301727295,0.09257031977176666,0.0,0.0,0.0,0.0,1.0000022649765015,1.0000026226043701,0.059999980032444,-0.0025489141698926687,-0.05995497107505798,0.0034494518768042326,0.0,0.0,0.0,0.0,0.0,0.0,0.5999999642372131,0.9987263083457947,0.0
0.42840033769607544,5.97434663772583,57.295799255371094,0.5999998450279236,-0.6093766093254089,-0.025489110499620438,0.03448495268821716,1.0000022649765015,1.0000026226043701,0.0,1.0,0.6108194589614868,-0.5937484502792358,1.7881393032936899e-09,0.0,0.0,0.9999973773956299,1.0000022649765015,1.0000026226043701,0.0,0.0,0.0,0.0,0.6005396842956543,0.6103499531745911,1.6636719703674316,-0.07067587971687317,-1.635791301727295,0.09257031977176666,0.0,0.0,0.0,0.0,1.0000022649765015,1.0000026226043701,0.059999980032444,-0.0025489141698926687,-0.05995497107505798,0.0034494518768042326,0.0,0.0,0.0,0.0,0.0,0.0,0.5999999642372131,0.9987263083457947,0.0
0.43260034918785095,5.97434663772583,57.295799255371094,0.5999998450279236,-0.6093766093254089,-0.025489110499620438,0.03448495268821716,1.0000022649765015,1.0000026226043701,0.0,1.0,0.6108194589614868,-0.5937484502792358,1.7881393032936899e-09,0.0,0.0,0.9999973773956299,1.0000022649765015,1.0000026226043701,0.0,0.0,0.0,0.0,0.6005396842956543,0.6103499531745911,1.6636719703674316,-0.07067587971687317,-1.635791301727295,0.09257031977176666,0.0,0.0,0.0,0.0,1.0000022649765015,1.0000026226043701,0.059999980032444,-0.0025489141698926687,-0.05995497107505798,0.0034494518768042326,0.0,0.0,0.0,0.0,0.0,0.0,0.5999999642372131,0.9987263083457947,0.0
0.43680036067962646,5.97434663772583,57.295799255371094,0.5999998450279236,-0.6093766093254089,-0.025489110499620438,0.03448495268821716,1.0000022649765015,1.0000026226043701,0.0,1.0,0.6108194589614868,-0.5937484502792358,1.7881393032936899e-09,0.0,0.0,0.9999973773956299,1.0000022649765015,1.0000026226043701,0.0,0.0,0.0,0.0,0.6005396842956543,0.6103499531745911,1.6636719703674316,-0.07067587971687317,-1.635791301727295,0.09257031977176666,0.0,0.0,0.0,0.0,1.0000022649765015,1.0000026226043701,0.059999980032444,-0.0025489141698926687,-0.05995497107505798,0.0034494518768042326,0.0,0.0,0.0,0.0,0.0,0.0,0.5999999642372131,0.9987263083457947,0.0
0.441000372171402,5.97434663772583,57.295799255371094,0.5999998450279236,-0.6093766093254089,-0.025489110499620438,0.03448495268821716,1.0000022649765015,1.0000026226043701,0.0,1.0,0.6108194589614868,-0.5937484502792358,1.7881393032936899e-09,0.0,0.0,0.9999973773956299,1.0000022649765015,1.0000026226043701,0.0,0.0,0.0,0.0,0.6005396842956543,0.6103499531745911,1.6636719703674316,-0.07067587971687317,-1.635791301727295,0.09257031977176666,0.0,0.0,0.0,0.0,1.0000022649765015,1.0000026226043701,0.059999980032444,-0.0025489141698926687,-0.05995497107505798,0.0034494518768042326,0.0,0.0,0.0,0.0,0.0,0.0,0.5999999642372131,0.9987263083457947,0.0
0.4452003836631775,5.97434663772583,57.295799255371094,0.5999998450279236,-0.6093766093254089,-0.025489110499620438,0.03448495268821716,1.0000022649765015,1.0000026226043701,0.0,1.0,0.6108194589614868,-0.5937484502792358,1.7881393032936899e-09,0.0,0.0,0.9999973773956299,1.0000022649765015,1.0000026226043701,0.0,0.0,0.0,0.0,0.6005396842956543,0.6103499531745911,1.6636719703674316,-0.07067587971687317,-1.635791301727295,0.09257031977176666,0.0,0.0,0.0,0.0,1.0000022649765015,1.0000026226043701,0.059999980032444,-0.0025489141698926687,-0.05995497107505798,0.0034494518768042326,0.0,0.0,0.0,0.0,0.0,0.0,0.5999999642372131,0.9987263083457947,0.0
0.449400395154953,5.97434663772583,57.295799255371094,0.5999998450279236,-0.6093766093254089,-0.025489110499620438,0.03448495268821716,1.0000022649765015,1.0000026226043701,0.0,1.0,0.6108194589614868,-0.5937484502792358,1.7881393032936899e-09,0.0,0.0,0.9999973773956299,1.0000022649765015,1.0000026226043701,0.0,0.0,0.0,0.0,0.6005396842956543,0.6103499531745911,1.6636719703674316,-0.07067587971687317,-1.635791301727295,0.09257031977176666,0.0,0.0,0.0,0.0,1.0000022649765015,1.0000026226043701,0.059999980032444,-0.0025489141698926687,-0.05995497107505798,0.0034494518768042326,0.0,0.0,0.0,0.0,0.0,0.0,0.5999999642372131,0.9987263083457947,0.0
0.4536004066467285,5.97434663772583,57.295799255371094,0.5999998450279236,-0.6093766093254089,-0.025489110499620438,0.03448495268821716,1.0000022649765015,1.0000026226043701,0.0,1.0,0.6108194589614868,-0.5937484502792358,1.7881393032936899e-09,0.0,0.0,0.9999973773956299,1.0000022649765015,1.0000026226043701,0.0,0.0,0.0,0.0,0.6005396842956543,0.6103499531745911,1.6636719703674316,-0.07067587971687317,-1.635791301727295,0.09257031977176666,0.0,0.0,0.0,0.0,1.0000022649765015,1.0000026226043701,0.059999980032444,-0.0025489141698926687,-0.05995497107505798,0.0034494518768042326,0.0,0.0,0.0,0.0,0.0,0.0,0.5999999642372131,0.9987263083457947,0.0
0.45780041813850403,5.97434663772583,57.295799255371094,0.5999998450279236,-0.6093766093254089,-0.025489110499620438,0.03448495268821716,1.0000022649765015,1.0000026226043701,0.0,1.0,0.6108194589614868,-0.5937484502792358,1.7881393032936899e-09,0.0,0.0,0.9999973773956299,1.0000022649765015,1.0000026226043701,0.0,0.0,0.0,0.0,0.6005396842956543,0.6103499531745911,1.6636719703674316,-0.07067587971687317,-1.635791301727295,0.09257031977176666,0.0,0.0,0.0,0.0,1.0000022649765015,1.0000026226043701,0.059999980032444,-0.0025489141698926687,-0.05995497107505798,0.0034494518768042326,0.0,0.0,0.0,0.0,0.0,0.0,0.5999999642372131,0.9987263083457947,0.0
0.46200042963027954,5.97434663772583,57.295799255371094,0.5999998450279236,-0.6093766093254089,-0.025489110499620438,0.03448495268821716,1.0000022649765015,1.0000026226043701,0.0,1.0,0.6108194589614868,-0.5937484502792358,1.7881393032936899e-09,0.0,0.0,0.9999973773956299,1.0000022649765015,1.0000026226043701,0.0,0.0,0.0,0.0,0.6005396842956543,0.6103499531745911,1.6636719703674316,-0.07067587971687317,-1.635791301727295,0.09257031977176666,0.0,0.0,0.0,0.0,1.0000022649765015,1.0000026226043701,0.059999980032444,-0.0025489141698926687,-0.05995497107505798,0.0034494518768042326,0.0,0.0,0.0,0.0,0.0,0.0,0.5999999642372131,0.9987263083457947,0.0
0.46620044112205505,5.97434663772583,57.295799255371094,0.5999998450279236,-0.6093766093254089,-0.025489110499620438,0.03448495268821716,1.0000022649765015,1.0000026226043701,0.0,1.0,0.6108194589614868,-0.5937484502792358,1.7881393032936899e-09,0.0,0.0,0.9999973773956299,1.0000022649765015,1.0000026226043701,0.0,0.0,0.0,0.0,0.6005396842956543,0.6103499531745911,1.6636719703674316,-0.07067587971687317,-1.635791301727295,0.09257031977176666,0.0,0.0,0.0,0.0,1.0000022649765015,1.0000026226043701,0.059999980032444,-0.0025489141698926687,-0.05995497107505798,0.0034494518768042326,0.0,0.0,0.0,0.0,0.0,0.0,0.5999999642372131,0.9987263083457947,0.0
0.47040045261383057,5.97434663772583,57.295799255371094,0.5999998450279236,-0.6093766093254089,-0.025489110499620438,0.03448495268821716,1.0000022649765015,1.0000026226043701,0.0,1.0,0.6108194589614868,-0.5937484502792358,1.7881393032936899e-09,0.0,0.0,0.9999973773956299,1.0000022649765015,1.0000026226043701,0.0,0.0,0.0,0.0,0.6005396842956543,0.6103499531745911,1.6636719703674316,-0.07067587971687317,-1.635791301727295,0.09257031977176666,0.0,0.0,0.0,0.0,1.0000022649765015,1.0000026226043701,0.059999980032444,-0.0025489141698926687,-0.05995497107505798,0.0034494518768042326,0.0,0.0,0.0,0.0,0.0,0.0,0.5999999642372131,0.9987263083457947,0.0
0.4746004641056061,5.97434663772583,57.295799255371094,0.5999998450279236,-0.6093766093254089,-0.025489110499620438,0.03448495268821716,1.0000022649765015,1.0000026226043701,0.0,1.0,0.6108194589614868,-0.5937484502792358,1.7881393032936899e-09,0.0,0.0,0.9999973773956299,1.0000022649765015,1.0000026226043701,0.0,0.0,0.0,0.0,0.6005396842956543,0.6103499531745911,1.6636719703674316,-0.07067587971687317,-1.635791301727295,0.09257031977176666,0.0,0.0,0.0,0.0,1.0000022649765015,1.0000026226043701,0.059999980032444,-0.0025489141698926687,-0.05995497107505798,0.0034494518768042326,0.0,0.0,0.0,0.0,0.0,0.0,0.5999999642372131,0.9987263083457947,0.0
0.4788004755973816,5.97434663772583,57.295799255371094,0.5999998450279236,-0.6093766093254089,-0.025489110499620438,0.03448495268821716,1.0000022649765015,1.0000026226043701,0.0,1.0,0.6108194589614868,-0.5937484502792358,1.7881393032936899e-09,0.0,0.0,0.9999973773956299,1.0000022649765015,1.0000026226043701,0.0,0.0,0.0,0.0,0.6005396842956543,0.6103499531745911,1.6636719703674316,-0.07067587971687317,-1.635791301727295,0.09257031977176666,0.0,0.0,0.0,0.0,1.0000022649765015,1.0000026226043701,0.059999980032444,-0.0025489141698926687,-0.05995497107505798,0.0034494518768042326,0.0,0.0,0.0,0.0,0.0,0.0,0.5999999642372131,0.9987263083457947,0.0
0.4830004870891571,5.97434663772583,57.295799255371094,0.5999998450279236,-0.6093766093254089,-0.025489110499620438,0.03448495268821716,1.0000022649765015,1.0000026226043701,0.0,1.0,0.6108194589614868,-0.5937484502792358,1.7881393032936899e-09,0.0,0.0,0.9999973773956299,1.0000022649765015,1.0000026226043701,0.0,0.0,0.0,0.0,0.6005396842956543,0.6103499531745911,1.6636719703674316,-0.07067587971687317,-1.635791301727295,0.09257031977176666,0.0,0.0,0.0,0.0,1.0000022649765015,1.0000026226043701,0.059999980032444,-0.0025489141698926687,-0.05995497107505798,0.0034494518768042326,0.0,0.0,0.0,0.0,0.0,0.0,0.5999999642372131,0.9987263083457947,0.0
0.4872004985809326,5.97434663772583,57.295799255371094,0.5999998450279236,-0.6093766093254089,-0.025489110499620438,0.03448495268821716,1.0000022649765015,1.0000026226043701,0.0,1.0,0.6108194589614868,-0.5937484502792358,1.7881393032936899e-09,0.0,0.0,0.9999973773956299,1.0000022649765015,1.0000026226043701,0.0,0.0,0.0,0.0,0.6005396842956543,0.6103499531745911,1.6636719703674316,-0.07067587971687317,-1.635791301727295,0.09257031977176666,0.0,0.0,0.0,0.0,1.0000022649765015,1.0000026226043701,0.059999980032444,-0.0025489141698926687,-0.05995497107505798,0.0034494518768042326,0.0,0.0,0.0,0.0,0.0,0.0,0.5999999642372131,0.9987263083457947,0.0
0.49140051007270813,5.97434663772583,57.295799255371094,0.5999998450279236,-0.6093766093254089,-0.025489110499620438,0.03448495268821716,1.0000022649765015,1.0000026226043701,0.0,1.0,0.6108194589614868,-0.5937484502792358,1.7881393032936899e-09,0.0,0.0,0.9999973773956299,1.0000022649765015,1.0000026226043701,0.0,0.0,0.0,0.0,0.6005396842956543,0.6103499531745911,1.6636719703674316,-0.07067587971687317,-1.635791301727295,0.09257031977176666,0.0,0.0,0.0,0.0,1.0000022649765015,1.0000026226043701,0.059999980032444,-0.0025489141698926687,-0.05995497107505798,0.0034494518768042326,0.0,0.0,0.0,0.0,0.0,0.0,0.5999999642372131,0.9987263083457947,0.0
0.49560052156448364,5.97434663772583,57.295799255371094,0.5999998450279236,-0.6093766093254089,-0.025489110499620438,0.03448495268821716,1.0000022649765015,1.0000026226043701,0.0,1.0,0.6108194589614868,-0.5937484502792358,1.7881393032936899e-09,0.0,0.0,0.9999973773956299,1.0000022649765015,1.0000026226043701,0.0,0.0,0.0,0.0,0.6005396842956543,0.6103499531745911,1.6636719703674316,-0.07067587971687317,-1.635791301727295,0.09257031977176666,0.0,0.0,0.0,0.0,1.0000022649765015,1.0000026226043701,0.059999980032444,-0.0025489141698926687,-0.05995497107505798,0.0034494518768042326,0.0,0.0,0.0,0.0,0.0,0.0,0.5999999642372131,0.9987263083457947,0.0
0.49980053305625916,5.97434663772583,57.295799255371094,0.5999998450279236,-0.6093766093254089,-0.025489110499620438,0.03448495268821716,1.0000022649765015,1.0000026226043701,0.0,1.0,0.6108194589614868,-0.5937484502792358,1.7881393032936899e-09,0.0,0.0,0.9999973773956299,1.0000022649765015,1.0000026226043701,0.0,0.0,0.0,0.0,0.6005396842956543,0.6103499531745911,1.6636719703674316,-0.07067587971687317,-1.635791301727295,0.09257031977176666,0.0,0.0,0.0,0.0,1.0000022649765015,1.0000026226043701,0.059999980032444,-0.0025489141698926687,-0.05995497107505798,0.0034494518768042326,0.0,0.0,0.0,0.0,0.0,0.0,0.5999999642372131,0.9987263083457947,0.0
0.5040005445480347,5.97434663772583,57.295799255371094,0.5999998450279236,-0.6093766093254089,-0.025489110499620438,0.03448495268821716,1.0000022649765015,1.0000026226043701,0.0,1.0,0.6108194589614868,-0.5937484502792358,1.7881393032936899e-09,0.0,0.0,0.9999973773956299,1.0000022649765015,1.0000026226043701,0.0,0.0,0.0,0.0,0.6005396842956543,0.6103499531745911,1.6636719703674316,-0.07067587971687317,-1.635791301727295,0.09257031977176666,0.0,0.0,0.0,0.0,1.0000022649765015,1.0000026226043701,0.059999980032444,-0.0025489141698926687,-0.05995497107505798,0.0034494518768042326,0.0,0.0,0.0,0.0,0.0,0.0,0.5999999642372131,0.9987263083457947,0.0
0.5082005262374878,5.97434663772583,57.295799255371094,0.5999998450279236,-0.6093766093254089,-0.025489110499620438,0.03448495268821716,1.0000022649765015,1.0000026226043701,0.0,1.0,0.6108194589614868,-0.5937484502792358,1.7881393032936899e-09,0.0,0.0,0.9999973773956299,1.0000022649765015,1.0000026226043701,0.0,0.0,0.0,0.0,0.6005396842956543,0.6103499531745911,1.6636719703674316,-0.07067587971687317,-1.635791301727295,0.09257031977176666,0.0,0.0,0.0,0.0,1.0000022649765015,1.0000026226043701,0.059999980032444,-0.0025489141698926687,-0.05995497107505798,0.0034494518768042326,0.0,0.0,0.0,0.0,0.0,0.0,0.5999999642372131,0.9987263083457947,0.0
0.5124005079269409,5.97434663772583,57.295799255371094,0.5999998450279236,-0.6093766093254089,-0.025489110499620438,0.03448495268821716,1.0000022649765015,1.0000026226043701,0.0,1.0,0.6108194589614868,-0.5937484502792358,1.7881393032936899e-09,0.0,0.0,0.9999973773956299,1.0000022649765015,1.0000026226043701,0.0,0.0,0.0,0.0,0.6005396842956543,0.6103499531745911,1.6636719703674316,-0.07067587971687317,-1.635791301727295,0.09257031977176666,0.0,0.0,0.0,0.0,1.0000022649765015,1.0000026226043701,0.059999980032444,-0.0025489141698926687,-0.05995497107505798,0.0034494518768042326,0.0,0.0,0.0,0.0,0.0,0.0,0.5999999642372131,0.9987263083457947,0.0
0.516600489616394,5.97434663772583,57.295799255371094,0.5999998450279236,-0.6093766093254089,-0.025489110499620438,0.03448495268821716,1.0000022649765015,1.0000026226043701,0.0,1.0,0.6108194589614868,-0.5937484502792358,1.7881393032936899e-09,0.0,0.0,0.9999973773956299,1.0000022649765015,1.0000026226043701,0.0,0.0,0.0,0.0,0.6005396842956543,0.6103499531745911,1.6636719703674316,-0.07067587971687317,-1.635791301727295,0.09257031977176666,0.0,0.0,0.0,0.0,1.0000022649765015,1.0000026226043701,0.059999980032444,-0.0025489141698926687,-0.05995497107505798,0.0034494518768042326,0.0,0.0,0.0,0.0,0.0,0.0,0.5999999642372131,0.9987263083457947,0.0
0.5208004713058472,5.97434663772583,57.295799255371094,0.5999998450279236,-0.6093766093254089,-0.025489110499620438,0.03448495268821716,1.0000022649765015,1.0000026226043701,0.0,1.0,0.6108194589614868,-0.5937484502792358,1.7881393032936899e-09,0.0,0.0,0.9999973773956299,1.0000022649765015,1.0000026226043701,0.0,0.0,0.0,0.0,0.6005396842956543,0.6103499531745911,1.6636719703674316,-0.07067587971687317,-1.635791301727295,0.09257031977176666,0.0,0.0,0.0,0.0,1.0000022649765015,1.0000026226043701,0.059999980032444,-0.0025489141698926687,-0.05995497107505798,0.0034494518768042326,0.0,0.0,0.0,0.0,0.0,0.0,0.5999999642372131,0.9987263083457947,0.0
0.5250004529953003,5.97434663772583,57.295799255371094,0.5999998450279236,-0.6093766093254089,-0.025489110499620438,0.03448495268821716,1.0000022649765015,1.0000026226043701,0.0,1.0,0.6108194589614868,-0.5937484502792358,1.7881393032936899e-09,0.0,0.0,0.9999973773956299,1.0000022649765015,1.0000026226043701,0.0,0.0,0.0,0.0,0.6005396842956543,0.6103499531745911,1.6636719703674316,-0.07067587971687317,-1.635791301727295,0.09257031977176666,0.0,0.0,0.0,0.0,1.0000022649765015,1.0000026226043701,0.059999980032444,-0.0025489141698926687,-0.05995497107505798,0.0034494518768042326,0.0,0.0,0.0,0.0,0.0,0.0,0.5999999642372131,0.9987263083457947,0.0
0.5292004346847534,5.97434663772583,57.295799255371094,0.5999998450279236,-0.6093766093254089,-0.025489110499620438,0.03448495268821716,1.0000022649765015,1.0000026226043701,0.0,1.0,0.6108194589614868,-0.5937484502792358,1.7881393032936899e-09,0.0,0.0,0.9999973773956299,1.0000022649765015,1.0000026226043701,0.0,0.0,0.0,0.0,0.6005396842956543,0.6103499531745911,1.6636719703674316,-0.07067587971687317,-1.635791301727295,0.09257031977176666,0.0,0.0,0.0,0.0,1.0000022649765015,1.0000026226043701,0.059999980032444,-0.0025489141698926687,-0.05995497107505798,0.0034494518768042326,0.0,0.0,0.0,0.0,0.0,0.0,0.5999999642372131,0.9987263083457947,0.0
0.5334004163742065,5.97434663772583,57.295799255371094,0.5999998450279236,-0.6093766093254089,-0.025489110499620438,0.03448495268821716,1.0000022649765015,1.0000026226043701,0.0,1.0,0.6108194589614868,-0.5937484502792358,1.7881393032936899e-09,0.0,0.0,0.9999973773956299,1.0000022649765015,1.0000026226043701,0.0,0.0,0.0,0.0,0.6005396842956543,0.6103499531745911,1.6636719703674316,-0.07067587971687317,-1.635791301727295,0.09257031977176666,0.0,0.0,0.0,0.0,1.0000022649765015,1.0000026226043701,0.059999980032444,-0.0025489141698926687,-0.05995497107505798,0.0034494518768042326,0.0,0.0,0.0,0.0,0.0,0.0,0.5999999642372131,0.9987263083457947,0.0
0.5376003980636597,5.97434663772583,57.295799255371094,0.5999998450279236,-0.6093766093254089,-0.025489110499620438,0.03448495268821716,1.0000022649765015,1.0000026226043701,0.0,1.0,0.6108194589614868,-0.5937484502792358,1.7881393032936899e-09,0.0,0.0,0.9999973773956299,1.0000022649765015,1.0000026226043701,0.0,0.0,0.0,0.0,0.6005396842956543,0.6103499531745911,1.6636719703674316,-0.07067587971687317,-1.635791301727295,0.09257031977176666,0.0,0.0,0.0,0.0,1.0000022649765015,1.0000026226043701,0.059999980032444,-0.0025489141698926687,-0.05995497107505798,0.0034494518768042326,0.0,0.0,0.0,0.0,0.0,0.0,0.5999999642372131,0.9987263083457947,0.0
0.5418003797531128,5.97434663772583,57.295799255371094,0.5999998450279236,-0.6093766093254089,-0.025489110499620438,0.03448495268821716,1.0000022649765015,1.0000026226043701,0.0,1.0,0.6108194589614868,-0.5937484502792358,1.7881393032936899e-09,0.0,0.0,0.9999973773956299,1.0000022649765015,1.0000026226043701,0.0,0.0,0.0,0.0,0.6005396842956543,0.6103499531745911,1.6636719703674316,-0.07067587971687317,-1.635791301727295,0.09257031977176666,0.0,0.0,0.0,0.0,1.0000022649765015,1.0000026226043701,0.059999980032444,-0.0025489141698926687,-0.05995497107505798,0.0034494518768042326,0.0,0.0,0.0,0.0,0.0,0.0,0.5999999642372131,0.9987263083457947,0.0
0.5460003614425659,5.97434663772583,57.295799255371094,0.5999998450279236,-0.6093766093254089,-0.025489110499620438,0.03448495268821716,1.0000022649765015,1.0000026226043701,0.0,1.0,0.6108194589614868,-0.5937484502792358,1.7881393032936899e-09,0.0,0.0,0.9999973773956299,1.0000022649765015,1.0000026226043701,0.0,0.0,0.0,0.0,0.6005396842956543,0.6103499531745911,1.6636719703674316,-0.07067587971687317,-1.635791301727295,0.09257031977176666,0.0,0.0,0.0,0.0,1.0000022649765015,1.0000026226043701,0.059999980032444,-0.0025489141698926687,-0.05995497107505798,0.0034494518768042326,0.0,0.0,0.0,0.0,0.0,0.0,0.5999999642372131,0.9987263083457947,0.0
0.550200343132019,5.97434663772583,57.295799255371094,0.5999998450279236,-0.6093766093254089,-0.025489110499620438,0.03448495268821716,1.0000022649765015,1.0000026226043701,0.0,1.0,0.6108194589614868,-0.5937484502792358,1.7881393032936899e-09,0.0,0.0,0.9999973773956299,1.0000022649765015,1.0000026226043701,0.0,0.0,0.0,0.0,0.6005396842956543,0.6103499531745911,1.6636719703674316,-0.07067587971687317,-1.635791301727295,0.09257031977176666,0.0,0.0,0.0,0.0,1.0000022649765015,1.0000026226043701,0.059999980032444,-0.0025489141698926687,-0.05995497107505798,0.0034494518768042326,0.0,0.0,0.0,0.0,0.0,0.0,0.5999999642372131,0.9987263083457947,0.0
0.5544003248214722,5.97434663772583,57.295799255371094,0.5999998450279236,-0.6093766093254089,-0.025489110499620438,0.03448495268821716,1.0000022649765015,1.0000026226043701,0.0,1.0,0.6108194589614868,-0.5937484502792358,1.7881393032936899e-09,0.0,0.0,0.9999973773956299,1.0000022649765015,1.0000026226043701,0.0,0.0,0.0,0.0,0.6005396842956543,0.6103499531745911,1.6636719703674316,-0.07067587971687317,-1.635791301727295,0.09257031977176666,0.0,0.0,0.0,0.0,1.0000022649765015,1.0000026226043701,0.059999980032444,-0.0025489141698926687,-0.05995497107505798,0.0034494518768042326,0.0,0.0,0.0,0.0,0.0,0.0,0.5999999642372131,0.9987263083457947,0.0
0.5586003065109253,5.97434663772583,57.295799255371094,0.5999998450279236,-0.6093766093254089,-0.025489110499620438,0.03448495268821716,1.0000022649765015,1.0000026226043701,0.0,1.0,0.6108194589614868,-0.5937484502792358,1.7881393032936899e-09,0.0,0.0,0.9999973773956299,1.0000022649765015,1.0000026226043701,0.0,0.0,0.0,0.0,0.6005396842956543,0.6103499531745911,1.6636719703674316,-0.07067587971687317,-1.635791301727295,0.09257031977176666,0.0,0.0,0.0,0.0,1.0000022649765015,1.0000026226043701,0.059999980032444,-0.0025489141698926687,-0.05995497107505798,0.0034494518768042326,0.0,0.0,0.0,0.0,0.0,0.0,0.5999999642372131,0.9987263083457947,0.0
0.5628002882003784,5.97434663772583,57.295799255371094,0.5999998450279236,-0.6093766093254089,-0.025489110499620438,0.03448495268821716,1.0000022649765015,1.0000026226043701,0.0,1.0,0.6108194589614868,-0.5937484502792358,1.7881393032936899e-09,0.0,0.0,0.9999973773956299,1.0000022649765015,1.0000026226043701,0.0,0.0,0.0,0.0,0.6005396842956543,0.6103499531745911,1.6636719703674316,-0.07067587971687317,-1.635791301727295,0.09257031977176666,0.0,0.0,0.0,0.0,1.0000022649765015,1.0000026226043701,0.059999980032444,-0.0025489141698926687,-0.05995497107505798,0.0034494518768042326,0.0,0.0,0.0,0.0,0.0,0.0,0.5999999642372131,0.9987263083457947,0.0
0.5670002698898315,5.97434663772583,57.295799255371094,0.5999998450279236,-0.6093766093254089,-0.025489110499620438,0.03448495268821716,1.0000022649765015,1.0000026226043701,0.0,1.0,0.6108194589614868,-0.5937484502792358,1.7881393032936899e-09,0.0,0.0,0.9999973773956299,1.0000022649765015,1.0000026226043701,0.0,0.0,0.0,0.0,0.6005396842956543,0.6103499531745911,1.6636719703674316,-0.07067587971687317,-1.635791301727295,0.09257031977176666,0.0,0.0,0.0,0.0,1.0000022649765015,1.0000026226043701,0.059999980032444,-0.0025489141698926687,-0.05995497107505798,0.0034494518768042326,0.0,0.0,0.0,0.0,0.0,0.0,0.5999999642372131,0.9987263083457947,0.0
0.5712002515792847,5.97434663772583,57.295799255371094,0.5999998450279236,-0.6093766093254089,-0.025489110499620438,0.03448495268821716,1.0000022649765015,1.0000026226043701,0.0,1.0,0.6108194589614868,-0.5937484502792358,1.7881393032936899e-09,0.0,0.0,0.9999973773956299,1.0000022649765015,1.0000026226043701,0.0,0.0,0.0,0.0,0.6005396842956543,0.6103499531745911,1.6636719703674316,-0.07067587971687317,-1.635791301727295,0.09257031977176666,0.0,0.0,0.0,0.0,1.0000022649765015,1.0000026226043701,0.059999980032444,-0.0025489141698926687,-0.05995497107505798,0.0034494518768042326,0.0,0.0,0.0,0.0,0.0,0.0,0.5999999642372131,0.9987263083457947,0.0
0.5754002332687378,5.97434663772583,57.295799255371094,0.5999998450279236,-0.6093766093254089,-0.025489110499620438,0.03448495268821716,1.0000022649765015,1.0000026226043701,0.0,1.0,0.6108194589614868,-0.5937484502792358,1.7881393032936899e-09,0.0,0.0,0.9999973773956299,1.0000022649765015,1.0000026226043701,0.0,0.0,0.0,0.0,0.6005396842956543,0.6103499531745911,1.6636719703674316,-0.07067587971687317,-1.635791301727295,0.09257031977176666,0.0,0.0,0.0,0.0,1.0000022649765015,1.0000026226043701,0.059999980032444,-0.0025489141698926687,-0.05995497107505798,0.0034494518768042326,0.0,0.0,0.0,0.0,0.0,0.0,0.5999999642372131,0.9987263083457947,0.0
0.5796002149581909,5.97434663772583,57.295799255371094,0.5999998450279236,-0.6093766093254089,-0.025489110499620438,0.03448495268821716,1.0000022649765015,1.0000026226043701,0.0,1.0,0.6108194589614868,-0.5937484502792358,1.7881393032936899e-09,0.0,0.0,0.9999973773956299,1.0000022649765015,1.0000026226043701,0.0,0.0,0.0,0.0,0.6005396842956543,0.6103499531745911,1.6636719703674316,-0.07067587971687317,-1.635791301727295,0.09257031977176666,0.0,0.0,0.0,0.0,1.0000022649765015,1.0000026226043701,0.059999980032444,-0.0025489141698926687,-0.05995497107505798,0.0034494518768042326,0.0,0.0,0.0,0.0,0.0,0.0,0.5999999642372131,0.9987263083457947,0.0
0.583800196647644,5.97434663772583,57.295799255371094,0.5999998450279236,-0.6093766093254089,-0.025489110499620438,0.03448495268821716,1.0000022649765015,1.0000026226043701,0.0,1.0,0.6108194589614868,-0.5937484502792358,1.7881393032936899e-09,0.0,0.0,0.9999973773956299,1.0000022649765015,1.0000026226043701,0.0,0.0,0.0,0.0,0.6005396842956543,0.6103499531745911,1.6636719703674316,-0.07067587971687317,-1.635791301727295,0.09257031977176666,0.0,0.0,0.0,0.0,1.0000022649765015,1.0000026226043701,0.059999980032444,-0.0025489141698926687,-0.05995497107505798,0.0034494518768042326,0.0,0.0,0.0,0.0,0.0,0.0,0.5999999642372131,0.9987263083457947,0.0
0.5880001783370972,5.97434663772583,57.295799255371094,0.5999998450279236,-0.6093766093254089,-0.025489110499620438,0.03448495268821716,1.0000022649765015,1.0000026226043701,0.0,1.0,0.6108194589614868,-0.5937484502792358,1.7881393032936899e-09,0.0,0.0,0.9999973773956299,1.0000022649765015,1.0000026226043701,0.0,0.0,0.0,0.0,0.6005396842956543,0.6103499531745911,1.6636719703674316,-0.07067587971687317,-1.635791301727295,0.09257031977176666,0.0,0.0,0.0,0.0,1.0000022649765015,1.0000026226043701,0.059999980032444,-0.0025489141698926687,-0.05995497107505798,0.0034494518768042326,0.0,0.0,0.0,0.0,0.0,0.0,0.5999999642372131,0.9987263083457947,0.0
0.5922001600265503,5.97434663772583,57.295799255371094,0.5999998450279236,-0.6093766093254089,-0.025489110499620438,0.03448495268821716,1.0000022649765015,1.0000026226043701,0.0,1.0,0.6108194589614868,-0.5937484502792358,1.7881393032936899e-09,0.0,0.0,0.9999973773956299,1.0000022649765015,1.0000026226043701,0.0,0.0,0.0,0.0,0.6005396842956543,0.6103499531745911,1.6636719703674316,-0.07067587971687317,-1.635791301727295,0.09257031977176666,0.0,0.0,0.0,0.0,1.0000022649765015,1.0000026226043701,0.059999980032444,-0.0025489141698926687,-0.05995497107505798,0.0034494518768042326,0.0,0.0,0.0,0.0,0.0,0.0,0.5999999642372131,0.9987263083457947,0.0
0.5964001417160034,5.97434663772583,57.295799255371094,0.5999998450279236,-0.6093766093254089,-0.025489110499620438,0.03448495268821716,1.0000022649765015,1.0000026226043701,0.0,1.0,0.6108194589614868,-0.5937484502792358,1.7881393032936899e-09,0.0,0.0,0.9999973773956299,1.0000022649765015,1.0000026226043701,0.0,0.0,0.0,0.0,0.6005396842956543,0.6103499531745911,1.6636719703674316,-0.07067587971687317,-1.635791301727295,0.09257031977176666,0.0,0.0,0.0,0.0,1.0000022649765015,1.0000026226043701,0.059999980032444,-0.0025489141698926687,-0.05995497107505798,0.0034494518768042326,0.0,0.0,0.0,0.0,0.0,0.0,0.5999999642372131,0.9987263083457947,0.0
0.6006001234054565,5.97434663772583,57.295799255371094,0.5999998450279236,-0.6093766093254089,-0.025489110499620438,0.03448495268821716,1.0000022649765015,1.0000026226043701,0.0,1.0,0.6108194589614868,-0.5937484502792358,1.7881393032936899e-09,0.0,0.0,0.9999973773956299,1.0000022649765015,1.0000026226043701,0.0,0.0,0.0,0.0,0.6005396842956543,0.6103499531745911,1.6636719703674316,-0.07067587971687317,-1.635791301727295,0.09257031977176666,0.0,0.0,0.0,0.0,1.0000022649765015,1.0000026226043701,0.059999980032444,-0.0025489141698926687,-0.05995497107505798,0.0034494518768042326,0.0,0.0,0.0,0.0,0.0,0.0,0.5999999642372131,0.9987263083457947,0.0
0.6048001050949097,5.97434663772583,57.295799255371094,0.5999998450279236,-0.6093766093254089,-0.025489110499620438,0.03448495268821716,1.0000022649765015,1.0000026226043701,0.0,1.0,0.6108194589614868,-0.5937484502792358,1.7881393032936899e-09,0.0,0.0,0.9999973773956299,1.0000022649765015,1.0000026226043701,0.0,0.0,0.0,0.0,0.6005396842956543,0.6103499531745911,1.6636719703674316,-0.07067587971687317,-1.635791301727295,0.09257031977176666,0.0,0.0,0.0,0.0,1.0000022649765015,1.0000026226043701,0.059999980032444,-0.0025489141698926687,-0.05995497107505798,0.0034494518768042326,0.0,0.0,0.0,0.0,0.0,0.0,0.5999999642372131,0.9987263083457947,0.0
0.6090000867843628,5.97434663772583,57.295799255371094,0.5999998450279236,-0.6093766093254089,-0.025489110499620438,0.03448495268821716,1.0000022649765015,1.0000026226043701,0.0,1.0,0.6108194589614868,-0.5937484502792358,1.7881393032936899e-09,0.0,0.0,0.9999973773956299,1.0000022649765015,1.0000026226043701,0.0,0.0,0.0,0.0,0.6005396842956543,0.6103499531745911,1.6636719703674316,-0.07067587971687317,-1.635791301727295,0.09257031977176666,0.0,0.0,0.0,0.0,1.0000022649765015,1.0000026226043701,0.059999980032444,-0.0025489141698926687,-0.05995497107505798,0.0034494518768042326,0.0,0.0,0.0,0.0,0.0,0.0,0.5999999642372131,0.9987263083457947,0.0
0.6132000684738159,5.97434663772583,57.295799255371094,0.5999998450279236,-0.6093766093254089,-0.025489110499620438,0.03448495268821716,1.0000022649765015,1.0000026226043701,0.0,1.0,0.6108194589614868,-0.5937484502792358,1.7881393032936899e-09,0.0,0.0,0.9999973773956299,1.0000022649765015,1.0000026226043701,0.0,0.0,0.0,0.0,0.6005396842956543,0.6103499531745911,1.6636719703674316,-0.07067587971687317,-1.635791301727295,0.09257031977176666,0.0,0.0,0.0,0.0,1.0000022649765015,1.0000026226043701,0.059999980032444,-0.0025489141698926687,-0.05995497107505798,0.0034494518768042326,0.0,0.0,0.0,0.0,0.0,0.0,0.5999999642372131,0.9987263083457947,0.0
0.617400050163269,5.97434663772583,57.295799255371094,0.5999998450279236,-0.6093766093254089,-0.025489110499620438,0.03448495268821716,1.0000022649765015,1.0000026226043701,0.0,1.0,0.6108194589614868,-0.5937484502792358,1.7881393032936899e-09,0.0,0.0,0.9999973773956299,1.0000022649765015,1.0000026226043701,0.0,0.0,0.0,0.0,0.6005396842956543,0.6103499531745911,1.6636719703674316,-0.07067587971687317,-1.635791301727295,0.09257031977176666,0.0,0.0,0.0,0.0,1.0000022649765015,1.0000026226043701,0.059999980032444,-0.0025489141698926687,-0.05995497107505798,0.0034494518768042326,0.0,0.0,0.0,0.0,0.0,0.0,0.5999999642372131,0.9987263083457947,0.0
0.6216000318527222,5.97434663772583,57.295799255371094,0.5999998450279236,-0.6093766093254089,-0.025489110499620438,0.03448495268821716,1.0000022649765015,1.0000026226043701,0.0,1.0,0.6108194589614868,-0.5937484502792358,1.7881393032936899e-09,0.0,0.0,0.9999973773956299,1.0000022649765015,1.0000026226043701,0.0,0.0,0.0,0.0,0.6005396842956543,0.6103499531745911,1.6636719703674316,-0.07067587971687317,-1.635791301727295,0.09257031977176666,0.0,0.0,0.0,0.0,1.0000022649765015,1.0000026226043701,0.059999980032444,-0.0025489141698926687,-0.05995497107505798,0.0034494518768042326,0.0,0.0,0.0,0.0,0.0,0.0,0.5999999642372131,0.9987263083457947,0.0
0.6258000135421753,5.97434663772583,57.295799255371094,0.5999998450279236,-0.6093766093254089,-0.025489110499620438,0.03448495268821716,1.0000022649765015,1.0000026226043701,0.0,1.0,0.6108194589614868,-0.5937484502792358,1.7881393032936899e-09,0.0,0.0,0.9999973773956299,1.0000022649765015,1.0000026226043701,0.0,0.0,0.0,0.0,0.6005396842956543,0.6103499531745911,1.6636719703674316,-0.07067587971687317,-1.635791301727295,0.09257031977176666,0.0,0.0,0.0,0.0,1.0000022649765015,1.0000026226043701,0.059999980032444,-0.0025489141698926687,-0.05995497107505798,0.0034494518768042326,0.0,0.0,0.0,0.0,0.0,0.0,0.5999999642372131,0.9987263083457947,0.0
0.6299999952316284,5.97434663772583,57.295799255371094,0.5999998450279236,-0.6093766093254089,-0.025489110499620438,0.03448495268821716,1.0000022649765015,1.0000026226043701,0.0,1.0,0.6108194589614868,-0.5937484502792358,1.7881393032936899e-09,0.0,0.0,0.9999973773956299,1.0000022649765015,1.0000026226043701,0.0,0.0,0.0,0.0,0.6005396842956543,0.6103499531745911,1.6636719703674316,-0.07067587971687317,-1.635791301727295,0.09257031977176666,0.0,0.0,0.0,0.0,1.0000022649765015,1.0000026226043701,0.059999980032444,-0.0025489141698926687,-0.05995497107505798,0.0034494518768042326,0.0,0.0,0.0,0.0,0.0,0.0,0.5999999642372131,0.9987263083457947,0.0
0.6341999769210815,5.97434663772583,57.295799255371094,0.5999998450279236,-0.6093766093254089,-0.025489110499620438,0.03448495268821716,1.0000022649765015,1.0000026226043701,0.0,1.0,0.6108194589614868,-0.5937484502792358,1.7881393032936899e-09,0.0,0.0,0.9999973773956299,1.0000022649765015,1.0000026226043701,0.0,0.0,0.0,0.0,0.6005396842956543,0.6103499531745911,1.6636719703674316,-0.07067587971687317,-1.635791301727295,0.09257031977176666,0.0,0.0,0.0,0.0,1.0000022649765015,1.0000026226043701,0.059999980032444,-0.0025489141698926687,-0.05995497107505798,0.0034494518768042326,0.0,0.0,0.0,0.0,0.0,0.0,0.5999999642372131,0.9987263083457947,0.0
0.6383999586105347,5.97434663772583,57.295799255371094,0.5999998450279236,-0.6093766093254089,-0.025489110499620438,0.03448495268821716,1.0000022649765015,1.0000026226043701,0.0,1.0,0.6108194589614868,-0.5937484502792358,1.7881393032936899e-09,0.0,0.0,0.9999973773956299,1.0000022649765015,1.0000026226043701,0.0,0.0,0.0,0.0,0.6005396842956543,0.6103499531745911,1.6636719703674316,-0.07067587971687317,-1.635791301727295,0.09257031977176666,0.0,0.0,0.0,0.0,1.0000022649765015,1.0000026226043701,0.059999980032444,-0.0025489141698926687,-0.05995497107505798,0.0034494518768042326,0.0,0.0,0.0,0.0,0.0,0.0,0.5999999642372131,0.9987263083457947,0.0
0.6425999402999878,5.97434663772583,57.295799255371094,0.5999998450279236,-0.6093766093254089,-0.025489110499620438,0.03448495268821716,1.0000022649765015,1.0000026226043701,0.0,1.0,0.6108194589614868,-0.5937484502792358,1.7881393032936899e-09,0.0,0.0,0.9999973773956299,1.0000022649765015,1.0000026226043701,0.0,0.0,0.0,0.0,0.6005396842956543,0.6103499531745911,1.6636719703674316,-0.07067587971687317,-1.635791301727295,0.09257031977176666,0.0,0.0,0.0,0.0,1.0000022649765015,1.0000026226043701,0.059999980032444,-0.0025489141698926687,-0.05995497107505798,0.0034494518768042326,0.0,0.0,0.0,0.0,0.0,0.0,0.5999999642372131,0.9987263083457947,0.0
0.6467999219894409,5.97434663772583,57.295799255371094,0.5999998450279236,-0.6093766093254089,-0.025489110499620438,0.03448495268821716,1.0000022649765015,1.0000026226043701,0.0,1.0,0.6108194589614868,-0.5937484502792358,1.7881393032936899e-09,0.0,0.0,0.9999973773956299,1.0000022649765015,1.0000026226043701,0.0,0.0,0.0,0.0,0.6005396842956543,0.6103499531745911,1.6636719703674316,-0.07067587971687317,-1.635791301727295,0.09257031977176666,0.0,0.0,0.0,0.0,1.0000022649765015,1.0000026226043701,0.059999980032444,-0.0025489141698926687,-0.05995497107505798,0.0034494518768042326,0.0,0.0,0.0,0.0,0.0,0.0,0.5999999642372131,0.9987263083457947,0.0
0.650999903678894,5.97434663772583,57.295799255371094,0.5999998450279236,-0.6093766093254089,-0.025489110499620438,0.03448495268821716,1.0000022649765015,1.0000026226043701,0.0,1.0,0.6108194589614868,-0.5937484502792358,1.7881393032936899e-09,0.0,0.0,0.9999973773956299,1.0000022649765015,1.0000026226043701,0.0,0.0,0.0,0.0,0.6005396842956543,0.6103499531745911,1.6636719703674316,-0.07067587971687317,-1.635791301727295,0.09257031977176666,0.0,0.0,0.0,0.0,1.0000022649765015,1.0000026226043701,0.059999980032444,-0.0025489141698926687,-0.05995497107505798,0.0034494518768042326,0.0,0.0,0.0,0.0,0.0,0.0,0.5999999642372131,0.9987263083457947,0.0
0.6551998853683472,5.97434663772583,57.295799255371094,0.5999998450279236,-0.6093766093254089,-0.025489110499620438,0.03448495268821716,1.0000022649765015,1.0000026226043701,0.0,1.0,0.6108194589614868,-0.5937484502792358,1.7881393032936899e-09,0.0,0.0,0.9999973773956299,1.0000022649765015,1.0000026226043701,0.0,0.0,0.0,0.0,0.6005396842956543,0.6103499531745911,1.6636719703674316,-0.07067587971687317,-1.635791301727295,0.09257031977176666,0.0,0.0,0.0,0.0,1.0000022649765015,1.0000026226043701,0.059999980032444,-0.0025489141698926687,-0.05995497107505798,0.0034494518768042326,0.0,0.0,0.0,0.0,0.0,0.0,0.5999999642372131,0.9987263083457947,0.0
0.6593998670578003,5.97434663772583,57.295799255371094,0.5999998450279236,-0.6093766093254089,-0.025489110499620438,0.03448495268821716,1.0000022649765015,1.0000026226043701,0.0,1.0,0.6108194589614868,-0.5937484502792358,1.7881393032936899e-09,0.0,0.0,0.9999973773956299,1.0000022649765015,1.0000026226043701,0.0,0.0,0.0,0.0,0.6005396842956543,0.6103499531745911,1.6636719703674316,-0.07067587971687317,-1.635791301727295,0.09257031977176666,0.0,0.0,0.0,0.0,1.0000022649765015,1.0000026226043701,0.059999980032444,-0.0025489141698926687,-0.05995497107505798,0.0034494518768042326,0.0,0.0,0.0,0.0,0.0,0.0,0.5999999642372131,0.9987263083457947,0.0
0.6635998487472534,5.97434663772583,57.295799255371094,0.5999998450279236,-0.6093766093254089,-0.025489110499620438,0.03448495268821716,1.0000022649765015,1.0000026226043701,0.0,1.0,0.6108194589614868,-0.5937484502792358,1.7881393032936899e-09,0.0,0.0,0.9999973773956299,1.0000022649765015,1.0000026226043701,0.0,0.0,0.0,0.0,0.6005396842956543,0.6103499531745911,1.6636719703674316,-0.07067587971687317,-1.635791301727295,0.09257031977176666,0.0,0.0,0.0,0.0,1.0000022649765015,1.0000026226043701,0.059999980032444,-0.0025489141698926687,-0.05995497107505798,0.0034494518768042326,0.0,0.0,0.0,0.0,0.0,0.0,0.5999999642372131,0.9987263083457947,0.0
0.6677998304367065,5.97434663772583,57.295799255371094,0.5999998450279236,-0.6093766093254089,-0.025489110499620438,0.03448495268821716,1.0000022649765015,1.0000026226043701,0.0,1.0,0.6108194589614868,-0.5937484502792358,1.7881393032936899e-09,0.0,0.0,0.9999973773956299,1.0000022649765015,1.0000026226043701,0.0,0.0,0.0,0.0,0.6005396842956543,0.6103499531745911,1.6636719703674316,-0.07067587971687317,-1.635791301727295,0.09257031977176666,0.0,0.0,0.0,0.0,1.0000022649765015,1.0000026226043701,0.059999980032444,-0.0025489141698926687,-0.05995497107505798,0.0034494518768042326,0.0,0.0,0.0,0.0,0.0,0.0,0.5999999642372131,0.9987263083457947,0.0
0.6719998121261597,5.97434663772583,57.295799255371094,0.5999998450279236,-0.6093766093254089,-0.025489110499620438,0.03448495268821716,1.0000022649765015,1.0000026226043701,0.0,1.0,0.6108194589614868,-0.5937484502792358,1.7881393032936899e-09,0.0,0.0,0.9999973773956299,1.0000022649765015,1.0000026226043701,0.0,0.0,0.0,0.0,0.6005396842956543,0.6103499531745911,1.6636719703674316,-0.07067587971687317,-1.635791301727295,0.09257031977176666,0.0,0.0,0.0,0.0,1.0000022649765015,1.0000026226043701,0.059999980032444,-0.0025489141698926687,-0.05995497107505798,0.0034494518768042326,0.0,0.0,0.0,0.0,0.0,0.0,0.5999999642372131,0.9987263083457947,0.0
0.6761997938156128,5.97434663772583,57.295799255371094,0.5999998450279236,-0.6093766093254089,-0.025489110499620438,0.03448495268821716,1.0000022649765015,1.0000026226043701,0.0,1.0,0.6108194589614868,-0.5937484502792358,1.7881393032936899e-09,0.0,0.0,0.9999973773956299,1.0000022649765015,1.0000026226043701,0.0,0.0,0.0,0.0,0.6005396842956543,0.6103499531745911,1.6636719703674316,-0.07067587971687317,-1.635791301727295,0.09257031977176666,0.0,0.0,0.0,0.0,1.0000022649765015,1.0000026226043701,0.059999980032444,-0.0025489141698926687,-0.05995497107505798,0.0034494518768042326,0.0,0.0,0.0,0.0,0.0,0.0,0.5999999642372131,0.9987263083457947,0.0
0.6803997755050659,5.97434663772583,57.295799255371094,0.5999998450279236,-0.6093766093254089,-0.025489110499620438,0.03448495268821716,1.0000022649765015,1.0000026226043701,0.0,1.0,0.6108194589614868,-0.5937484502792358,1.7881393032936899e-09,0.0,0.0,0.9999973773956299,1.0000022649765015,1.0000026226043701,0.0,0.0,0.0,0.0,0.6005396842956543,0.6103499531745911,1.6636719703674316,-0.07067587971687317,-1.635791301727295,0.09257031977176666,0.0,0.0,0.0,0.0,1.0000022649765015,1.0000026226043701,0.059999980032444,-0.0025489141698926687,-0.05995497107505798,0.0034494518768042326,0.0,0.0,0.0,0.0,0.0,0.0,0.5999999642372131,0.9987263083457947,0.0
0.684599757194519,5.97434663772583,57.295799255371094,0.5999998450279236,-0.6093766093254089,-0.025489110499620438,0.03448495268821716,1.0000022649765015,1.0000026226043701,0.0,1.0,0.6108194589614868,-0.5937484502792358,1.7881393032936899e-09,0.0,0.0,0.9999973773956299,1.0000022649765015,1.0000026226043701,0.0,0.0,0.0,0.0,0.6005396842956543,0.6103499531745911,1.6636719703674316,-0.07067587971687317,-1.635791301727295,0.09257031977176666,0.0,0.0,0.0,0.0,1.0000022649765015,1.0000026226043701,0.059999980032444,-0.0025489141698926687,-0.05995497107505798,0.0034494518768042326,0.0,0.0,0.0,0.0,0.0,0.0,0.5999999642372131,0.9987263083457947,0.0
0.6887997388839722,5.97434663772583,57.295799255371094,0.5999998450279236,-0.6093766093254089,-0.025489110499620438,0.03448495268821716,1.0000022649765015,1.0000026226043701,0.0,1.0,0.6108194589614868,-0.5937484502792358,1.7881393032936899e-09,0.0,0.0,0.9999973773956299,1.0000022649765015,1.0000026226043701,0.0,0.0,0.0,0.0,0.6005396842956543,0.6103499531745911,1.6636719703674316,-0.07067587971687317,-1.635791301727295,0.09257031977176666,0.0,0.0,0.0,0.0,1.0000022649765015,1.0000026226043701,0.059999980032444,-0.0025489141698926687,-0.05995497107505798,0.0034494518768042326,0.0,0.0,0.0,0.0,0.0,0.0,0.5999999642372131,0.9987263083457947,0.0
0.6929997205734253,5.97434663772583,57.295799255371094,0.5999998450279236,-0.6093766093254089,-0.025489110499620438,0.03448495268821716,1.0000022649765015,1.0000026226043701,0.0,1.0,0.6108194589614868,-0.5937484502792358,1.7881393032936899e-09,0.0,0.0,0.9999973773956299,1.0000022649765015,1.0000026226043701,0.0,0.0,0.0,0.0,0.6005396842956543,0.6103499531745911,1.6636719703674316,-0.07067587971687317,-1.635791301727295,0.09257031977176666,0.0,0.0,0.0,0.0,1.0000022649765015,1.0000026226043701,0.059999980032444,-0.0025489141698926687,-0.05995497107505798,0.0034494518768042326,0.0,0.0,0.0,0.0,0.0,0.0,0.5999999642372131,0.9987263083457947,0.0
0.6971997022628784,5.97434663772583,57.295799255371094,0.5999998450279236,-0.6093766093254089,-0.025489110499620438,0.03448495268821716,1.0000022649765015,1.0000026226043701,0.0,1.0,0.6108194589614868,-0.5937484502792358,1.7881393032936899e-09,0.0,0.0,0.9999973773956299,1.0000022649765015,1.0000026226043701,0.0,0.0,0.0,0.0,0.6005396842956543,0.6103499531745911,1.6636719703674316,-0.07067587971687317,-1.635791301727295,0.09257031977176666,0.0,0.0,0.0,0.0,1.0000022649765015,1.0000026226043701,0.059999980032444,-0.0025489141698926687,-0.05995497107505798,0.0034494518768042326,0.0,0.0,0.0,0.0,0.0,0.0,0.5999999642372131,0.9987263083457947,0.0
0.7013996839523315,5.97434663772583,57.295799255371094,0.5999998450279236,-0.6093766093254089,-0.025489110499620438,0.03448495268821716,1.0000022649765015,1.0000026226043701,0.0,1.0,0.6108194589614868,-0.5937484502792358,1.7881393032936899e-09,0.0,0.0,0.9999973773956299,1.0000022649765015,1.0000026226043701,0.0,0.0,0.0,0.0,0.6005396842956543,0.6103499531745911,1.6636719703674316,-0.07067587971687317,-1.635791301727295,0.09257031977176666,0.0,0.0,0.0,0.0,1.0000022649765015,1.0000026226043701,0.059999980032444,-0.0025489141698926687,-0.05995497107505798,0.0034494518768042326,0.0,0.0,0.0,0.0,0.0,0.0,0.5999999642372131,0.9987263083457947,0.0
0.7055996656417847,5.97434663772583,57.295799255371094,0.5999998450279236,-0.6093766093254089,-0.025489110499620438,0.03448495268821716,1.0000022649765015,1.0000026226043701,0.0,1.0,0.6108194589614868,-0.5937484502792358,1.7881393032936899e-09,0.0,0.0,0.9999973773956299,1.0000022649765015,1.0000026226043701,0.0,0.0,0.0,0.0,0.6005396842956543,0.6103499531745911,1.6636719703674316,-0.07067587971687317,-1.635791301727295,0.09257031977176666,0.0,0.0,0.0,0.0,1.0000022649765015,1.0000026226043701,0.059999980032444,-0.0025489141698926687,-0.05995497107505798,0.0034494518768042326,0.0,0.0,0.0,0.0,0.0,0.0,0.5999999642372131,0.9987263083457947,0.0
0.7097996473312378,5.97434663772583,57.295799255371094,0.5999998450279236,-0.6093766093254089,-0.025489110499620438,0.03448495268821716,1.0000022649765015,1.0000026226043701,0.0,1.0,0.6108194589614868,-0.5937484502792358,1.7881393032936899e-09,0.0,0.0,0.9999973773956299,1.0000022649765015,1.0000026226043701,0.0,0.0,0.0,0.0,0.6005396842956543,0.6103499531745911,1.6636719703674316,-0.07067587971687317,-1.635791301727295,0.09257031977176666,0.0,0.0,0.0,0.0,1.0000022649765015,1.0000026226043701,0.059999980032444,-0.0025489141698926687,-0.05995497107505798,0.0034494518768042326,0.0,0.0,0.0,0.0,0.0,0.0,0.5999999642372131,0.9987263083457947,0.0
0.7139996290206909,5.97434663772583,57.295799255371094,0.5999998450279236,-0.6093766093254089,-0.025489110499620438,0.03448495268821716,1.0000022649765015,1.0000026226043701,0.0,1.0,0.6108194589614868,-0.5937484502792358,1.7881393032936899e-09,0.0,0.0,0.9999973773956299,1.0000022649765015,1.0000026226043701,0.0,0.0,0.0,0.0,0.6005396842956543,0.6103499531745911,1.6636719703674316,-0.07067587971687317,-1.635791301727295,0.09257031977176666,0.0,0.0,0.0,0.0,1.0000022649765015,1.0000026226043701,0.059999980032444,-0.0025489141698926687,-0.05995497107505798,0.0034494518768042326,0.0,0.0,0.0,0.0,0.0,0.0,0.5999999642372131,0.9987263083457947,0.0
0.718199610710144,5.97434663772583,57.295799255371094,0.5999998450279236,-0.6093766093254089,-0.025489110499620438,0.03448495268821716,1.0000022649765015,1.0000026226043701,0.0,1.0,0.6108194589614868,-0.5937484502792358,1.7881393032936899e-09,0.0,0.0,0.9999973773956299,1.0000022649765015,1.0000026226043701,0.0,0.0,0.0,0.0,0.6005396842956543,0.6103499531745911,1.6636719703674316,-0.07067587971687317,-1.635791301727295,0.09257031977176666,0.0,0.0,0.0,0.0,1.0000022649765015,1.0000026226043701,0.059999980032444,-0.0025489141698926687,-0.05995497107505798,0.0034494518768042326,0.0,0.0,0.0,0.0,0.0,0.0,0.5999999642372131,0.9987263083457947,0.0
0.7223995923995972,5.97434663772583,57.295799255371094,0.5999998450279236,-0.6093766093254089,-0.025489110499620438,0.03448495268821716,1.0000022649765015,1.0000026226043701,0.0,1.0,0.6108194589614868,-0.5937484502792358,1.7881393032936899e-09,0.0,0.0,0.9999973773956299,1.0000022649765015,1.0000026226043701,0.0,0.0,0.0,0.0,0.6005396842956543,0.6103499531745911,1.6636719703674316,-0.07067587971687317,-1.635791301727295,0.09257031977176666,0.0,0.0,0.0,0.0,1.0000022649765015,1.0000026226043701,0.059999980032444,-0.0025489141698926687,-0.05995497107505798,0.0034494518768042326,0.0,0.0,0.0,0.0,0.0,0.0,0.5999999642372131,0.9987263083457947,0.0
0.7265995740890503,5.97434663772583,57.295799255371094,0.5999998450279236,-0.6093766093254089,-0.025489110499620438,0.03448495268821716,1.0000022649765015,1.0000026226043701,0.0,1.0,0.6108194589614868,-0.5937484502792358,1.7881393032936899e-09,0.0,0.0,0.9999973773956299,1.0000022649765015,1.0000026226043701,0.0,0.0,0.0,0.0,0.6005396842956543,0.6103499531745911,1.6636719703674316,-0.07067587971687317,-1.635791301727295,0.09257031977176666,0.0,0.0,0.0,0.0,1.0000022649765015,1.0000026226043701,0.059999980032444,-0.0025489141698926687,-0.05995497107505798,0.0034494518768042326,0.0,0.0,0.0,0.0,0.0,0.0,0.5999999642372131,0.9987263083457947,0.0
0.7307995557785034,5.97434663772583,57.295799255371094,0.5999998450279236,-0.6093766093254089,-0.025489110499620438,0.03448495268821716,1.0000022649765015,1.0000026226043701,0.0,1.0,0.6108194589614868,-0.5937484502792358,1.7881393032936899e-09,0.0,0.0,0.9999973773956299,1.0000022649765015,1.0000026226043701,0.0,0.0,0.0,0.0,0.6005396842956543,0.6103499531745911,1.6636719703674316,-0.07067587971687317,-1.635791301727295,0.09257031977176666,0.0,0.0,0.0,0.0,1.0000022649765015,1.0000026226043701,0.059999980032444,-0.0025489141698926687,-0.05995497107505798,0.0034494518768042326,0.0,0.0,0.0,0.0,0.0,0.0,0.5999999642372131,0.9987263083457947,0.0
0.7349995374679565,5.97434663772583,57.295799255371094,0.5999998450279236,-0.6093766093254089,-0.025489110499620438,0.03448495268821716,1.0000022649765015,1.0000026226043701,0.0,1.0,0.6108194589614868,-0.5937484502792358,1.7881393032936899e-09,0.0,0.0,0.9999973773956299,1.0000022649765015,1.0000026226043701,0.0,0.0,0.0,0.0,0.6005396842956543,0.6103499531745911,1.6636719703674316,-0.07067587971687317,-1.635791301727295,0.09257031977176666,0.0,0.0,0.0,0.0,1.0000022649765015,1.0000026226043701,0.059999980032444,-0.0025489141698926687,-0.05995497107505798,0.0034494518768042326,0.0,0.0,0.0,0.0,0.0,0.0,0.5999999642372131,0.9987263083457947,0.0
0.7391995191574097,5.97434663772583,57.295799255371094,0.5999998450279236,-0.6093766093254089,-0.025489110499620438,0.03448495268821716,1.0000022649765015,1.0000026226043701,0.0,1.0,0.6108194589614868,-0.5937484502792358,1.7881393032936899e-09,0.0,0.0,0.9999973773956299,1.0000022649765015,1.0000026226043701,0.0,0.0,0.0,0.0,0.6005396842956543,0.6103499531745911,1.6636719703674316,-0.07067587971687317,-1.635791301727295,0.09257031977176666,0.0,0.0,0.0,0.0,1.0000022649765015,1.0000026226043701,0.059999980032444,-0.0025489141698926687,-0.05995497107505798,0.0034494518768042326,0.0,0.0,0.0,0.0,0.0,0.0,0.5999999642372131,0.9987263083457947,0.0
0.7433995008468628,5.97434663772583,57.295799255371094,0.5999998450279236,-0.6093766093254089,-0.025489110499620438,0.03448495268821716,1.0000022649765015,1.0000026226043701,0.0,1.0,0.6108194589614868,-0.5937484502792358,1.7881393032936899e-09,0.0,0.0,0.9999973773956299,1.0000022649765015,1.0000026226043701,0.0,0.0,0.0,0.0,0.6005396842956543,0.6103499531745911,1.6636719703674316,-0.07067587971687317,-1.635791301727295,0.09257031977176666,0.0,0.0,0.0,0.0,1.0000022649765015,1.0000026226043701,0.059999980032444,-0.0025489141698926687,-0.05995497107505798,0.0034494518768042326,0.0,0.0,0.0,0.0,0.0,0.0,0.5999999642372131,0.9987263083457947,0.0
0.7475994825363159,5.97434663772583,57.295799255371094,0.5999998450279236,-0.6093766093254089,-0.025489110499620438,0.03448495268821716,1.0000022649765015,1.0000026226043701,0.0,1.0,0.6108194589614868,-0.5937484502792358,1.7881393032936899e-09,0.0,0.0,0.9999973773956299,1.0000022649765015,1.0000026226043701,0.0,0.0,0.0,0.0,0.6005396842956543,0.6103499531745911,1.6636719703674316,-0.07067587971687317,-1.635791301727295,0.09257031977176666,0.0,0.0,0.0,0.0,1.0000022649765015,1.0000026226043701,0.059999980032444,-0.0025489141698926687,-0.05995497107505798,0.0034494518768042326,0.0,0.0,0.0,0.0,0.0,0.0,0.5999999642372131,0.9987263083457947,0.0
0.751799464225769,5.97434663772583,57.295799255371094,0.5999998450279236,-0.6093766093254089,-0.025489110499620438,0.03448495268821716,1.0000022649765015,1.0000026226043701,0.0,1.0,0.6108194589614868,-0.5937484502792358,1.7881393032936899e-09,0.0,0.0,0.9999973773956299,1.0000022649765015,1.0000026226043701,0.0,0.0,0.0,0.0,0.6005396842956543,0.6103499531745911,1.6636719703674316,-0.07067587971687317,-1.635791301727295,0.09257031977176666,0.0,0.0,0.0,0.0,1.0000022649765015,1.0000026226043701,0.059999980032444,-0.0025489141698926687,-0.05995497107505798,0.0034494518768042326,0.0,0.0,0.0,0.0,0.0,0.0,0.5999999642372131,0.9987263083457947,0.0
0.7559994459152222,5.97434663772583,57.295799255371094,0.5999998450279236,-0.6093766093254089,-0.025489110499620438,0.03448495268821716,1.0000022649765015,1.0000026226043701,0.0,1.0,0.6108194589614868,-0.5937484502792358,1.7881393032936899e-09,0.0,0.0,0.9999973773956299,1.0000022649765015,1.0000026226043701,0.0,0.0,0.0,0.0,0.6005396842956543,0.6103499531745911,1.6636719703674316,-0.07067587971687317,-1.635791301727295,0.09257031977176666,0.0,0.0,0.0,0.0,1.0000022649765015,1.0000026226043701,0.059999980032444,-0.0025489141698926687,-0.05995497107505798,0.0034494518768042326,0.0,0.0,0.0,0.0,0.0,0.0,0.5999999642372131,0.9987263083457947,0.0
0.7601994276046753,5.97434663772583,57.295799255371094,0.5999998450279236,-0.6093766093254089,-0.025489110499620438,0.03448495268821716,1.0000022649765015,1.0000026226043701,0.0,1.0,0.6108194589614868,-0.5937484502792358,1.7881393032936899e-09,0.0,0.0,0.9999973773956299,1.0000022649765015,1.0000026226043701,0.0,0.0,0.0,0.0,0.6005396842956543,0.6103499531745911,1.6636719703674316,-0.07067587971687317,-1.635791301727295,0.09257031977176666,0.0,0.0,0.0,0.0,1.0000022649765015,1.0000026226043701,0.059999980032444,-0.0025489141698926687,-0.05995497107505798,0.0034494518768042326,0.0,0.0,0.0,0.0,0.0,0.0,0.5999999642372131,0.9987263083457947,0.0
0.7643994092941284,5.97434663772583,57.295799255371094,0.5999998450279236,-0.6093766093254089,-0.025489110499620438,0.03448495268821716,1.0000022649765015,1.0000026226043701,0.0,1.0,0.6108194589614868,-0.5937484502792358,1.7881393032936899e-09,0.0,0.0,0.9999973773956299,1.0000022649765015,1.0000026226043701,0.0,0.0,0.0,0.0,0.6005396842956543,0.6103499531745911,1.6636719703674316,-0.07067587971687317,-1.635791301727295,0.09257031977176666,0.0,0.0,0.0,0.0,1.0000022649765015,1.0000026226043701,0.059999980032444,-0.0025489141698926687,-0.05995497107505798,0.0034494518768042326,0.0,0.0,0.0,0.0,0.0,0.0,0.5999999642372131,0.9987263083457947,0.0
0.7685993909835815,5.97434663772583,57.295799255371094,0.5999998450279236,-0.6093766093254089,-0.025489110499620438,0.03448495268821716,1.0000022649765015,1.0000026226043701,0.0,1.0,0.6108194589614868,-0.5937484502792358,1.7881393032936899e-09,0.0,0.0,0.9999973773956299,1.0000022649765015,1.0000026226043701,0.0,0.0,0.0,0.0,0.6005396842956543,0.6103499531745911,1.6636719703674316,-0.07067587971687317,-1.635791301727295,0.09257031977176666,0.0,0.0,0.0,0.0,1.0000022649765015,1.0000026226043701,0.059999980032444,-0.0025489141698926687,-0.05995497107505798,0.0034494518768042326,0.0,0.0,0.0,0.0,0.0,0.0,0.5999999642372131,0.9987263083457947,0.0
0.7727993726730347,5.97434663772583,57.295799255371094,0.5999998450279236,-0.6093766093254089,-0.025489110499620438,0.03448495268821716,1.0000022649765015,1.0000026226043701,0.0,1.0,0.6108194589614868,-0.5937484502792358,1.7881393032936899e-09,0.0,0.0,0.9999973773956299,1.0000022649765015,1.0000026226043701,0.0,0.0,0.0,0.0,0.6005396842956543,0.6103499531745911,1.6636719703674316,-0.07067587971687317,-1.635791301727295,0.09257031977176666,0.0,0.0,0.0,0.0,1.0000022649765015,1.0000026226043701,0.059999980032444,-0.0025489141698926687,-0.05995497107505798,0.0034494518768042326,0.0,0.0,0.0,0.0,0.0,0.0,0.5999999642372131,0.9987263083457947,0.0
0.7769993543624878,5.97434663772583,57.295799255371094,0.5999998450279236,-0.6093766093254089,-0.025489110499620438,0.03448495268821716,1.0000022649765015,1.0000026226043701,0.0,1.0,0.6108194589614868,-0.5937484502792358,1.7881393032936899e-09,0.0,0.0,0.9999973773956299,1.0000022649765015,1.0000026226043701,0.0,0.0,0.0,0.0,0.6005396842956543,0.6103499531745911,1.6636719703674316,-0.07067587971687317,-1.635791301727295,0.09257031977176666,0.0,0.0,0.0,0.0,1.0000022649765015,1.0000026226043701,0.059999980032444,-0.0025489141698926687,-0.05995497107505798,0.0034494518768042326,0.0,0.0,0.0,0.0,0.0,0.0,0.5999999642372131,0.9987263083457947,0.0
0.7811993360519409,5.97434663772583,57.295799255371094,0.5999998450279236,-0.6093766093254089,-0.025489110499620438,0.03448495268821716,1.0000022649765015,1.0000026226043701,0.0,1.0,0.6108194589614868,-0.5937484502792358,1.7881393032936899e-09,0.0,0.0,0.9999973773956299,1.0000022649765015,1.0000026226043701,0.0,0.0,0.0,0.0,0.6005396842956543,0.6103499531745911,1.6636719703674316,-0.07067587971687317,-1.635791301727295,0.09257031977176666,0.0,0.0,0.0,0.0,1.0000022649765015,1.0000026226043701,0.059999980032444,-0.0025489141698926687,-0.05995497107505798,0.0034494518768042326,0.0,0.0,0.0,0.0,0.0,0.0,0.5999999642372131,0.9987263083457947,0.0
0.785399317741394,5.97434663772583,57.295799255371094,0.5999998450279236,-0.6093766093254089,-0.025489110499620438,0.03448495268821716,1.0000022649765015,1.0000026226043701,0.0,1.0,0.6108194589614868,-0.5937484502792358,1.7881393032936899e-09,0.0,0.0,0.9999973773956299,1.0000022649765015,1.0000026226043701,0.0,0.0,0.0,0.0,0.6005396842956543,0.6103499531745911,1.6636719703674316,-0.07067587971687317,-1.635791301727295,0.09257031977176666,0.0,0.0,0.0,0.0,1.0000022649765015,1.0000026226043701,0.059999980032444,-0.0025489141698926687,-0.05995497107505798,0.0034494518768042326,0.0,0.0,0.0,0.0,0.0,0.0,0.5999999642372131,0.9987263083457947,0.0
0.7895992994308472,5.97434663772583,57.295799255371094,0.5999998450279236,-0.6093766093254089,-0.025489110499620438,0.03448495268821716,1.0000022649765015,1.0000026226043701,0.0,1.0,0.6108194589614868,-0.5937484502792358,1.7881393032936899e-09,0.0,0.0,0.9999973773956299,1.0000022649765015,1.0000026226043701,0.0,0.0,0.0,0.0,0.6005396842956543,0.6103499531745911,1.6636719703674316,-0.07067587971687317,-1.635791301727295,0.09257031977176666,0.0,0.0,0.0,0.0,1.0000022649765015,1.0000026226043701,0.059999980032444,-0.0025489141698926687,-0.05995497107505798,0.0034494518768042326,0.0,0.0,0.0,0.0,0.0,0.0,0.5999999642372131,0.9987263083457947,0.0
0.7937992811203003,5.97434663772583,57.295799255371094,0.5999998450279236,-0.6093766093254089,-0.025489110499620438,0.03448495268821716,1.0000022649765015,1.0000026226043701,0.0,1.0,0.6108194589614868,-0.5937484502792358,1.7881393032936899e-09,0.0,0.0,0.9999973773956299,1.0000022649765015,1.0000026226043701,0.0,0.0,0.0,0.0,0.6005396842956543,0.6103499531745911,1.6636719703674316,-0.07067587971687317,-1.635791301727295,0.09257031977176666,0.0,0.0,0.0,0.0,1.0000022649765015,1.0000026226043701,0.059999980032444,-0.0025489141698926687,-0.05995497107505798,0.0034494518768042326,0.0,0.0,0.0,0.0,0.0,0.0,0.5999999642372131,0.9987263083457947,0.0
0.7979992628097534,5.97434663772583,57.295799255371094,0.5999998450279236,-0.6093766093254089,-0.025489110499620438,0.03448495268821716,1.0000022649765015,1.0000026226043701,0.0,1.0,0.6108194589614868,-0.5937484502792358,1.7881393032936899e-09,0.0,0.0,0.9999973773956299,1.0000022649765015,1.0000026226043701,0.0,0.0,0.0,0.0,0.6005396842956543,0.6103499531745911,1.6636719703674316,-0.07067587971687317,-1.635791301727295,0.09257031977176666,0.0,0.0,0.0,0.0,1.0000022649765015,1.0000026226043701,0.059999980032444,-0.0025489141698926687,-0.05995497107505798,0.0034494518768042326,0.0,0.0,0.0,0.0,0.0,0.0,0.5999999642372131,0.9987263083457947,0.0
0.8021992444992065,5.97434663772583,57.295799255371094,0.5999998450279236,-0.6093766093254089,-0.025489110499620438,0.03448495268821716,1.0000022649765015,1.0000026226043701,0.0,1.0,0.6108194589614868,-0.5937484502792358,1.7881393032936899e-09,0.0,0.0,0.9999973773956299,1.0000022649765015,1.0000026226043701,0.0,0.0,0.0,0.0,0.6005396842956543,0.6103499531745911,1.6636719703674316,-0.07067587971687317,-1.635791301727295,0.09257031977176666,0.0,0.0,0.0,0.0,1.0000022649765015,1.0000026226043701,0.059999980032444,-0.0025489141698926687,-0.05995497107505798,0.0034494518768042326,0.0,0.0,0.0,0.0,0.0,0.0,0.5999999642372131,0.9987263083457947,0.0
0.8063992261886597,5.97434663772583,57.295799255371094,0.5999998450279236,-0.6093766093254089,-0.025489110499620438,0.03448495268821716,1.0000022649765015,1.0000026226043701,0.0,1.0,0.6108194589614868,-0.5937484502792358,1.7881393032936899e-09,0.0,0.0,0.9999973773956299,1.0000022649765015,1.0000026226043701,0.0,0.0,0.0,0.0,0.6005396842956543,0.6103499531745911,1.6636719703674316,-0.07067587971687317,-1.635791301727295,0.09257031977176666,0.0,0.0,0.0,0.0,1.0000022649765015,1.0000026226043701,0.059999980032444,-0.0025489141698926687,-0.05995497107505798,0.0034494518768042326,0.0,0.0,0.0,0.0,0.0,0.0,0.5999999642372131,0.9987263083457947,0.0
0.8105992078781128,5.97434663772583,57.295799255371094,0.5999998450279236,-0.6093766093254089,-0.025489110499620438,0.03448495268821716,1.0000022649765015,1.0000026226043701,0.0,1.0,0.6108194589614868,-0.5937484502792358,1.7881393032936899e-09,0.0,0.0,0.9999973773956299,1.0000022649765015,1.0000026226043701,0.0,0.0,0.0,0.0,0.6005396842956543,0.6103499531745911,1.6636719703674316,-0.07067587971687317,-1.635791301727295,0.09257031977176666,0.0,0.0,0.0,0.0,1.0000022649765015,1.0000026226043701,0.059999980032444,-0.0025489141698926687,-0.05995497107505798,0.0034494518768042326,0.0,0.0,0.0,0.0,0.0,0.0,0.5999999642372131,0.9987263083457947,0.0
0.8147991895675659,5.97434663772583,57.295799255371094,0.5999998450279236,-0.6093766093254089,-0.025489110499620438,0.03448495268821716,1.0000022649765015,1.0000026226043701,0.0,1.0,0.6108194589614868,-0.5937484502792358,1.7881393032936899e-09,0.0,0.0,0.9999973773956299,1.0000022649765015,1.0000026226043701,0.0,0.0,0.0,0.0,0.6005396842956543,0.6103499531745911,1.6636719703674316,-0.07067587971687317,-1.635791301727295,0.09257031977176666,0.0,0.0,0.0,0.0,1.0000022649765015,1.0000026226043701,0.059999980032444,-0.0025489141698926687,-0.05995497107505798,0.0034494518768042326,0.0,0.0,0.0,0.0,0.0,0.0,0.5999999642372131,0.9987263083457947,0.0
0.818999171257019,5.97434663772583,57.295799255371094,0.5999998450279236,-0.6093766093254089,-0.025489110499620438,0.03448495268821716,1.0000022649765015,1.0000026226043701,0.0,1.0,0.6108194589614868,-0.5937484502792358,1.7881393032936899e-09,0.0,0.0,0.9999973773956299,1.0000022649765015,1.0000026226043701,0.0,0.0,0.0,0.0,0.6005396842956543,0.6103499531745911,1.6636719703674316,-0.07067587971687317,-1.635791301727295,0.09257031977176666,0.0,0.0,0.0,0.0,1.0000022649765015,1.0000026226043701,0.059999980032444,-0.0025489141698926687,-0.05995497107505798,0.0034494518768042326,0.0,0.0,0.0,0.0,0.0,0.0,0.5999999642372131,0.9987263083457947,0.0
0.8231991529464722,5.97434663772583,57.295799255371094,0.5999998450279236,-0.6093766093254089,-0.025489110499620438,0.03448495268821716,1.0000022649765015,1.0000026226043701,0.0,1.0,0.6108194589614868,-0.5937484502792358,1.7881393032936899e-09,0.0,0.0,0.9999973773956299,1.0000022649765015,1.0000026226043701,0.0,0.0,0.0,0.0,0.6005396842956543,0.6103499531745911,1.6636719703674316,-0.07067587971687317,-1.635791301727295,0.09257031977176666,0.0,0.0,0.0,0.0,1.0000022649765015,1.0000026226043701,0.059999980032444,-0.0025489141698926687,-0.05995497107505798,0.0034494518768042326,0.0,0.0,0.0,0.0,0.0,0.0,0.5999999642372131,0.9987263083457947,0.0
0.8273991346359253,5.97434663772583,57.295799255371094,0.5999998450279236,-0.6093766093254089,-0.025489110499620438,0.03448495268821716,1.0000022649765015,1.0000026226043701,0.0,1.0,0.6108194589614868,-0.5937484502792358,1.7881393032936899e-09,0.0,0.0,0.9999973773956299,1.0000022649765015,1.0000026226043701,0.0,0.0,0.0,0.0,0.6005396842956543,0.6103499531745911,1.6636719703674316,-0.07067587971687317,-1.635791301727295,0.09257031977176666,0.0,0.0,0.0,0.0,1.0000022649765015,1.0000026226043701,0.059999980032444,-0.0025489141698926687,-0.05995497107505798,0.0034494518768042326,0.0,0.0,0.0,0.0,0.0,0.0,0.5999999642372131,0.9987263083457947,0.0
0.8315991163253784,5.97434663772583,57.295799255371094,0.5999998450279236,-0.6093766093254089,-0.025489110499620438,0.03448495268821716,1.0000022649765015,1.0000026226043701,0.0,1.0,0.6108194589614868,-0.5937484502792358,1.7881393032936899e-09,0.0,0.0,0.9999973773956299,1.0000022649765015,1.0000026226043701,0.0,0.0,0.0,0.0,0.6005396842956543,0.6103499531745911,1.6636719703674316,-0.07067587971687317,-1.635791301727295,0.09257031977176666,0.0,0.0,0.0,0.0,1.0000022649765015,1.0000026226043701,0.059999980032444,-0.0025489141698926687,-0.05995497107505798,0.0034494518768042326,0.0,0.0,0.0,0.0,0.0,0.0,0.5999999642372131,0.9987263083457947,0.0
0.8357990980148315,5.97434663772583,57.295799255371094,0.5999998450279236,-0.6093766093254089,-0.025489110499620438,0.03448495268821716,1.0000022649765015,1.0000026226043701,0.0,1.0,0.6108194589614868,-0.5937484502792358,1.7881393032936899e-09,0.0,0.0,0.9999973773956299,1.0000022649765015,1.0000026226043701,0.0,0.0,0.0,0.0,0.6005396842956543,0.6103499531745911,1.6636719703674316,-0.07067587971687317,-1.635791301727295,0.09257031977176666,0.0,0.0,0.0,0.0,1.0000022649765015,1.0000026226043701,0.059999980032444,-0.0025489141698926687,-0.05995497107505798,0.0034494518768042326,0.0,0.0,0.0,0.0,0.0,0.0,0.5999999642372131,0.9987263083457947,0.0
0.8399990797042847,5.97434663772583,57.295799255371094,0.5999998450279236,-0.6093766093254089,-0.025489110499620438,0.03448495268821716,1.0000022649765015,1.0000026226043701,0.0,1.0,0.6108194589614868,-0.5937484502792358,1.7881393032936899e-09,0.0,0.0,0.9999973773956299,1.0000022649765015,1.0000026226043701,0.0,0.0,0.0,0.0,0.6005396842956543,0.6103499531745911,1.6636719703674316,-0.07067587971687317,-1.635791301727295,0.09257031977176666,0.0,0.0,0.0,0.0,1.0000022649765015,1.0000026226043701,0.059999980032444,-0.0025489141698926687,-0.05995497107505798,0.0034494518768042326,0.0,0.0,0.0,0.0,0.0,0.0,0.5999999642372131,0.9987263083457947,0.0
0.8441990613937378,5.97434663772583,57.295799255371094,0.5999998450279236,-0.6093766093254089,-0.025489110499620438,0.03448495268821716,1.0000022649765015,1.0000026226043701,0.0,1.0,0.6108194589614868,-0.5937484502792358,1.7881393032936899e-09,0.0,0.0,0.9999973773956299,1.0000022649765015,1.0000026226043701,0.0,0.0,0.0,0.0,0.6005396842956543,0.6103499531745911,1.6636719703674316,-0.07067587971687317,-1.635791301727295,0.09257031977176666,0.0,0.0,0.0,0.0,1.0000022649765015,1.0000026226043701,0.059999980032444,-0.0025489141698926687,-0.05995497107505798,0.0034494518768042326,0.0,0.0,0.0,0.0,0.0,0.0,0.5999999642372131,0.9987263083457947,0.0
0.8483990430831909,5.97434663772583,57.295799255371094,0.5999998450279236,-0.6093766093254089,-0.025489110499620438,0.03448495268821716,1.0000022649765015,1.0000026226043701,0.0,1.0,0.6108194589614868,-0.5937484502792358,1.7881393032936899e-09,0.0,0.0,0.9999973773956299,1.0000022649765015,1.0000026226043701,0.0,0.0,0.0,0.0,0.6005396842956543,0.6103499531745911,1.6636719703674316,-0.07067587971687317,-1.635791301727295,0.09257031977176666,0.0,0.0,0.0,0.0,1.0000022649765015,1.0000026226043701,0.059999980032444,-0.0025489141698926687,-0.05995497107505798,0.0034494518768042326,0.0,0.0,0.0,0.0,0.0,0.0,0.5999999642372131,0.9987263083457947,0.0
0.852599024772644,5.97434663772583,57.295799255371094,0.5999998450279236,-0.6093766093254089,-0.025489110499620438,0.03448495268821716,1.0000022649765015,1.0000026226043701,0.0,1.0,0.6108194589614868,-0.5937484502792358,1.7881393032936899e-09,0.0,0.0,0.9999973773956299,1.0000022649765015,1.0000026226043701,0.0,0.0,0.0,0.0,0.6005396842956543,0.6103499531745911,1.6636719703674316,-0.07067587971687317,-1.635791301727295,0.09257031977176666,0.0,0.0,0.0,0.0,1.0000022649765015,1.0000026226043701,0.059999980032444,-0.0025489141698926687,-0.05995497107505798,0.0034494518768042326,0.0,0.0,0.0,0.0,0.0,0.0,0.5999999642372131,0.9987263083457947,0.0
0.8567990064620972,5.97434663772583,57.295799255371094,0.5999998450279236,-0.6093766093254089,-0.025489110499620438,0.03448495268821716,1.0000022649765015,1.0000026226043701,0.0,1.0,0.6108194589614868,-0.5937484502792358,1.7881393032936899e-09,0.0,0.0,0.9999973773956299,1.0000022649765015,1.0000026226043701,0.0,0.0,0.0,0.0,0.6005396842956543,0.6103499531745911,1.6636719703674316,-0.07067587971687317,-1.635791301727295,0.09257031977176666,0.0,0.0,0.0,0.0,1.0000022649765015,1.0000026226043701,0.059999980032444,-0.0025489141698926687,-0.05995497107505798,0.0034494518768042326,0.0,0.0,0.0,0.0,0.0,0.0,0.5999999642372131,0.9987263083457947,0.0
0.8609989881515503,5.97434663772583,57.295799255371094,0.5999998450279236,-0.6093766093254089,-0.025489110499620438,0.03448495268821716,1.0000022649765015,1.0000026226043701,0.0,1.0,0.6108194589614868,-0.5937484502792358,1.7881393032936899e-09,0.0,0.0,0.9999973773956299,1.0000022649765015,1.0000026226043701,0.0,0.0,0.0,0.0,0.6005396842956543,0.6103499531745911,1.6636719703674316,-0.07067587971687317,-1.635791301727295,0.09257031977176666,0.0,0.0,0.0,0.0,1.0000022649765015,1.0000026226043701,0.059999980032444,-0.0025489141698926687,-0.05995497107505798,0.0034494518768042326,0.0,0.0,0.0,0.0,0.0,0.0,0.5999999642372131,0.9987263083457947,0.0
0.8651989698410034,5.97434663772583,57.295799255371094,0.5999998450279236,-0.6093766093254089,-0.025489110499620438,0.03448495268821716,1.0000022649765015,1.0000026226043701,0.0,1.0,0.6108194589614868,-0.5937484502792358,1.7881393032936899e-09,0.0,0.0,0.9999973773956299,1.0000022649765015,1.0000026226043701,0.0,0.0,0.0,0.0,0.6005396842956543,0.6103499531745911,1.6636719703674316,-0.07067587971687317,-1.635791301727295,0.09257031977176666,0.0,0.0,0.0,0.0,1.0000022649765015,1.0000026226043701,0.059999980032444,-0.0025489141698926687,-0.05995497107505798,0.0034494518768042326,0.0,0.0,0.0,0.0,0.0,0.0,0.5999999642372131,0.9987263083457947,0.0
0.8693989515304565,5.97434663772583,57.295799255371094,0.5999998450279236,-0.6093766093254089,-0.025489110499620438,0.03448495268821716,1.0000022649765015,1.0000026226043701,0.0,1.0,0.6108194589614868,-0.5937484502792358,1.7881393032936899e-09,0.0,0.0,0.9999973773956299,1.0000022649765015,1.0000026226043701,0.0,0.0,0.0,0.0,0.6005396842956543,0.6103499531745911,1.6636719703674316,-0.07067587971687317,-1.635791301727295,0.09257031977176666,0.0,0.0,0.0,0.0,1.0000022649765015,1.0000026226043701,0.059999980032444,-0.0025489141698926687,-0.05995497107505798,0.0034494518768042326,0.0,0.0,0.0,0.0,0.0,0.0,0.5999999642372131,0.9987263083457947,0.0
0.8735989332199097,5.97434663772583,57.295799255371094,0.5999998450279236,-0.6093766093254089,-0.025489110499620438,0.03448495268821716,1.0000022649765015,1.0000026226043701,0.0,1.0,0.6108194589614868,-0.5937484502792358,1.7881393032936899e-09,0.0,0.0,0.9999973773956299,1.0000022649765015,1.0000026226043701,0.0,0.0,0.0,0.0,0.6005396842956543,0.6103499531745911,1.6636719703674316,-0.07067587971687317,-1.635791301727295,0.09257031977176666,0.0,0.0,0.0,0.0,1.0000022649765015,1.0000026226043701,0.059999980032444,-0.0025489141698926687,-0.05995497107505798,0.0034494518768042326,0.0,0.0,0.0,0.0,0.0,0.0,0.5999999642372131,0.9987263083457947,0.0
0.8777989149093628,5.97434663772583,57.295799255371094,0.5999998450279236,-0.6093766093254089,-0.025489110499620438,0.03448495268821716,1.0000022649765015,1.0000026226043701,0.0,1.0,0.6108194589614868,-0.5937484502792358,1.7881393032936899e-09,0.0,0.0,0.9999973773956299,1.0000022649765015,1.0000026226043701,0.0,0.0,0.0,0.0,0.6005396842956543,0.6103499531745911,1.6636719703674316,-0.07067587971687317,-1.635791301727295,0.09257031977176666,0.0,0.0,0.0,0.0,1.0000022649765015,1.0000026226043701,0.059999980032444,-0.0025489141698926687,-0.05995497107505798,0.0034494518768042326,0.0,0.0,0.0,0.0,0.0,0.0,0.5999999642372131,0.9987263083457947,0.0
0.8819988965988159,5.97434663772583,57.295799255371094,0.5999998450279236,-0.6093766093254089,-0.025489110499620438,0.03448495268821716,1.0000022649765015,1.0000026226043701,0.0,1.0,0.6108194589614868,-0.5937484502792358,1.7881393032936899e-09,0.0,0.0,0.9999973773956299,1.0000022649765015,1.0000026226043701,0.0,0.0,0.0,0.0,0.6005396842956543,0.6103499531745911,1.6636719703674316,-0.07067587971687317,-1.635791301727295,0.09257031977176666,0.0,0.0,0.0,0.0,1.0000022649765015,1.0000026226043701,0.059999980032444,-0.0025489141698926687,-0.05995497107505798,0.0034494518768042326,0.0,0.0,0.0,0.0,0.0,0.0,0.5999999642372131,0.9987263083457947,0.0
0.886198878288269,5.97434663772583,57.295799255371094,0.5999998450279236,-0.6093766093254089,-0.025489110499620438,0.03448495268821716,1.0000022649765015,1.0000026226043701,0.0,1.0,0.6108194589614868,-0.5937484502792358,1.7881393032936899e-09,0.0,0.0,0.9999973773956299,1.0000022649765015,1.0000026226043701,0.0,0.0,0.0,0.0,0.6005396842956543,0.6103499531745911,1.6636719703674316,-0.07067587971687317,-1.635791301727295,0.09257031977176666,0.0,0.0,0.0,0.0,1.0000022649765015,1.0000026226043701,0.059999980032444,-0.0025489141698926687,-0.05995497107505798,0.0034494518768042326,0.0,0.0,0.0,0.0,0.0,0.0,0.5999999642372131,0.9987263083457947,0.0
0.8903988599777222,5.97434663772583,57.295799255371094,0.5999998450279236,-0.6093766093254089,-0.025489110499620438,0.03448495268821716,1.0000022649765015,1.0000026226043701,0.0,1.0,0.6108194589614868,-0.5937484502792358,1.7881393032936899e-09,0.0,0.0,0.9999973773956299,1.0000022649765015,1.0000026226043701,0.0,0.0,0.0,0.0,0.6005396842956543,0.6103499531745911,1.6636719703674316,-0.07067587971687317,-1.635791301727295,0.09257031977176666,0.0,0.0,0.0,0.0,1.0000022649765015,1.0000026226043701,0.059999980032444,-0.0025489141698926687,-0.05995497107505798,0.0034494518768042326,0.0,0.0,0.0,0.0,0.0,0.0,0.5999999642372131,0.9987263083457947,0.0
0.8945988416671753,5.97434663772583,57.295799255371094,0.5999998450279236,-0.6093766093254089,-0.025489110499620438,0.03448495268821716,1.0000022649765015,1.0000026226043701,0.0,1.0,0.6108194589614868,-0.5937484502792358,1.7881393032936899e-09,0.0,0.0,0.9999973773956299,1.0000022649765015,1.0000026226043701,0.0,0.0,0.0,0.0,0.6005396842956543,0.6103499531745911,1.6636719703674316,-0.07067587971687317,-1.635791301727295,0.09257031977176666,0.0,0.0,0.0,0.0,1.0000022649765015,1.0000026226043701,0.059999980032444,-0.0025489141698926687,-0.05995497107505798,0.0034494518768042326,0.0,0.0,0.0,0.0,0.0,0.0,0.5999999642372131,0.9987263083457947,0.0
0.8987988233566284,5.97434663772583,57.295799255371094,0.5999998450279236,-0.6093766093254089,-0.025489110499620438,0.03448495268821716,1.0000022649765015,1.0000026226043701,0.0,1.0,0.6108194589614868,-0.5937484502792358,1.7881393032936899e-09,0.0,0.0,0.9999973773956299,1.0000022649765015,1.0000026226043701,0.0,0.0,0.0,0.0,0.6005396842956543,0.6103499531745911,1.6636719703674316,-0.07067587971687317,-1.635791301727295,0.09257031977176666,0.0,0.0,0.0,0.0,1.0000022649765015,1.0000026226043701,0.059999980032444,-0.0025489141698926687,-0.05995497107505798,0.0034494518768042326,0.0,0.0,0.0,0.0,0.0,0.0,0.5999999642372131,0.9987263083457947,0.0
0.9029988050460815,5.97434663772583,57.295799255371094,0.5999998450279236,-0.6093766093254089,-0.025489110499620438,0.03448495268821716,1.0000022649765015,1.0000026226043701,0.0,1.0,0.6108194589614868,-0.5937484502792358,1.7881393032936899e-09,0.0,0.0,0.9999973773956299,1.0000022649765015,1.0000026226043701,0.0,0.0,0.0,0.0,0.6005396842956543,0.6103499531745911,1.6636719703674316,-0.07067587971687317,-1.635791301727295,0.09257031977176666,0.0,0.0,0.0,0.0,1.0000022649765015,1.0000026226043701,0.059999980032444,-0.0025489141698926687,-0.05995497107505798,0.0034494518768042326,0.0,0.0,0.0,0.0,0.0,0.0,0.5999999642372131,0.9987263083457947,0.0
0.9071987867355347,5.97434663772583,57.295799255371094,0.5999998450279236,-0.6093766093254089,-0.025489110499620438,0.03448495268821716,1.0000022649765015,1.0000026226043701,0.0,1.0,0.6108194589614868,-0.5937484502792358,1.7881393032936899e-09,0.0,0.0,0.9999973773956299,1.0000022649765015,1.0000026226043701,0.0,0.0,0.0,0.0,0.6005396842956543,0.6103499531745911,1.6636719703674316,-0.07067587971687317,-1.635791301727295,0.09257031977176666,0.0,0.0,0.0,0.0,1.0000022649765015,1.0000026226043701,0.059999980032444,-0.0025489141698926687,-0.05995497107505798,0.0034494518768042326,0.0,0.0,0.0,0.0,0.0,0.0,0.5999999642372131,0.9987263083457947,0.0
0.9113987684249878,5.97434663772583,57.295799255371094,0.5999998450279236,-0.6093766093254089,-0.025489110499620438,0.03448495268821716,1.0000022649765015,1.0000026226043701,0.0,1.0,0.6108194589614868,-0.5937484502792358,1.7881393032936899e-09,0.0,0.0,0.9999973773956299,1.0000022649765015,1.0000026226043701,0.0,0.0,0.0,0.0,0.6005396842956543,0.6103499531745911,1.6636719703674316,-0.07067587971687317,-1.635791301727295,0.09257031977176666,0.0,0.0,0.0,0.0,1.0000022649765015,1.0000026226043701,0.059999980032444,-0.0025489141698926687,-0.05995497107505798,0.0034494518768042326,0.0,0.0,0.0,0.0,0.0,0.0,0.5999999642372131,0.9987263083457947,0.0
0.9155987501144409,5.97434663772583,57.295799255371094,0.5999998450279236,-0.6093766093254089,-0.025489110499620438,0.03448495268821716,1.0000022649765015,1.0000026226043701,0.0,1.0,0.6108194589614868,-0.5937484502792358,1.7881393032936899e-09,0.0,0.0,0.9999973773956299,1.0000022649765015,1.0000026226043701,0.0,0.0,0.0,0.0,0.6005396842956543,0.6103499531745911,1.6636719703674316,-0.07067587971687317,-1.635791301727295,0.09257031977176666,0.0,0.0,0.0,0.0,1.0000022649765015,1.0000026226043701,0.059999980032444,-0.0025489141698926687,-0.05995497107505798,0.0034494518768042326,0.0,0.0,0.0,0.0,0.0,0.0,0.5999999642372131,0.9987263083457947,0.0
0.919798731803894,5.97434663772583,57.295799255371094,0.5999998450279236,-0.6093766093254089,-0.025489110499620438,0.03448495268821716,1.0000022649765015,1.0000026226043701,0.0,1.0,0.6108194589614868,-0.5937484502792358,1.7881393032936899e-09,0.0,0.0,0.9999973773956299,1.0000022649765015,1.0000026226043701,0.0,0.0,0.0,0.0,0.6005396842956543,0.6103499531745911,1.6636719703674316,-0.07067587971687317,-1.635791301727295,0.09257031977176666,0.0,0.0,0.0,0.0,1.0000022649765015,1.0000026226043701,0.059999980032444,-0.0025489141698926687,-0.05995497107505798,0.0034494518768042326,0.0,0.0,0.0,0.0,0.0,0.0,0.5999999642372131,0.9987263083457947,0.0
0.9239987134933472,5.97434663772583,57.295799255371094,0.5999998450279236,-0.6093766093254089,-0.025489110499620438,0.03448495268821716,1.0000022649765015,1.0000026226043701,0.0,1.0,0.6108194589614868,-0.5937484502792358,1.7881393032936899e-09,0.0,0.0,0.9999973773956299,1.0000022649765015,1.0000026226043701,0.0,0.0,0.0,0.0,0.6005396842956543,0.6103499531745911,1.6636719703674316,-0.07067587971687317,-1.635791301727295,0.09257031977176666,0.0,0.0,0.0,0.0,1.0000022649765015,1.0000026226043701,0.059999980032444,-0.0025489141698926687,-0.05995497107505798,0.0034494518768042326,0.0,0.0,0.0,0.0,0.0,0.0,0.5999999642372131,0.9987263083457947,0.0
0.9281986951828003,5.97434663772583,57.295799255371094,0.5999998450279236,-0.6093766093254089,-0.025489110499620438,0.03448495268821716,1.0000022649765015,1.0000026226043701,0.0,1.0,0.6108194589614868,-0.5937484502792358,1.7881393032936899e-09,0.0,0.0,0.9999973773956299,1.0000022649765015,1.0000026226043701,0.0,0.0,0.0,0.0,0.6005396842956543,0.6103499531745911,1.6636719703674316,-0.07067587971687317,-1.635791301727295,0.09257031977176666,0.0,0.0,0.0,0.0,1.0000022649765015,1.0000026226043701,0.059999980032444,-0.0025489141698926687,-0.05995497107505798,0.0034494518768042326,0.0,0.0,0.0,0.0,0.0,0.0,0.5999999642372131,0.9987263083457947,0.0
0.9323986768722534,5.97434663772583,57.295799255371094,0.5999998450279236,-0.6093766093254089,-0.025489110499620438,0.03448495268821716,1.0000022649765015,1.0000026226043701,0.0,1.0,0.6108194589614868,-0.5937484502792358,1.7881393032936899e-09,0.0,0.0,0.9999973773956299,1.0000022649765015,1.0000026226043701,0.0,0.0,0.0,0.0,0.6005396842956543,0.6103499531745911,1.6636719703674316,-0.07067587971687317,-1.635791301727295,0.09257031977176666,0.0,0.0,0.0,0.0,1.0000022649765015,1.0000026226043701,0.059999980032444,-0.0025489141698926687,-0.05995497107505798,0.0034494518768042326,0.0,0.0,0.0,0.0,0.0,0.0,0.5999999642372131,0.9987263083457947,0.0
0.9365986585617065,5.97434663772583,57.295799255371094,0.5999998450279236,-0.6093766093254089,-0.025489110499620438,0.03448495268821716,1.0000022649765015,1.0000026226043701,0.0,1.0,0.6108194589614868,-0.5937484502792358,1.7881393032936899e-09,0.0,0.0,0.9999973773956299,1.0000022649765015,1.0000026226043701,0.0,0.0,0.0,0.0,0.6005396842956543,0.6103499531745911,1.6636719703674316,-0.07067587971687317,-1.635791301727295,0.09257031977176666,0.0,0.0,0.0,0.0,1.0000022649765015,1.0000026226043701,0.059999980032444,-0.0025489141698926687,-0.05995497107505798,0.0034494518768042326,0.0,0.0,0.0,0.0,0.0,0.0,0.5999999642372131,0.9987263083457947,0.0
0.9407986402511597,5.97434663772583,57.295799255371094,0.5999998450279236,-0.6093766093254089,-0.025489110499620438,0.03448495268821716,1.0000022649765015,1.0000026226043701,0.0,1.0,0.6108194589614868,-0.5937484502792358,1.7881393032936899e-09,0.0,0.0,0.9999973773956299,1.0000022649765015,1.0000026226043701,0.0,0.0,0.0,0.0,0.6005396842956543,0.6103499531745911,1.6636719703674316,-0.07067587971687317,-1.635791301727295,0.09257031977176666,0.0,0.0,0.0,0.0,1.0000022649765015,1.0000026226043701,0.059999980032444,-0.0025489141698926687,-0.05995497107505798,0.0034494518768042326,0.0,0.0,0.0,0.0,0.0,0.0,0.5999999642372131,0.9987263083457947,0.0
0.9449986219406128,5.97434663772583,57.295799255371094,0.5999998450279236,-0.6093766093254089,-0.025489110499620438,0.03448495268821716,1.0000022649765015,1.0000026226043701,0.0,1.0,0.6108194589614868,-0.5937484502792358,1.7881393032936899e-09,0.0,0.0,0.9999973773956299,1.0000022649765015,1.0000026226043701,0.0,0.0,0.0,0.0,0.6005396842956543,0.6103499531745911,1.6636719703674316,-0.07067587971687317,-1.635791301727295,0.09257031977176666,0.0,0.0,0.0,0.0,1.0000022649765015,1.0000026226043701,0.059999980032444,-0.0025489141698926687,-0.05995497107505798,0.0034494518768042326,0.0,0.0,0.0,0.0,0.0,0.0,0.5999999642372131,0.9987263083457947,0.0
0.9491986036300659,5.97434663772583,57.295799255371094,0.5999998450279236,-0.6093766093254089,-0.025489110499620438,0.03448495268821716,1.0000022649765015,1.0000026226043701,0.0,1.0,0.6108194589614868,-0.5937484502792358,1.7881393032936899e-09,0.0,0.0,0.9999973773956299,1.0000022649765015,1.0000026226043701,0.0,0.0,0.0,0.0,0.6005396842956543,0.6103499531745911,1.6636719703674316,-0.07067587971687317,-1.635791301727295,0.09257031977176666,0.0,0.0,0.0,0.0,1.0000022649765015,1.0000026226043701,0.059999980032444,-0.0025489141698926687,-0.05995497107505798,0.0034494518768042326,0.0,0.0,0.0,0.0,0.0,0.0,0.5999999642372131,0.9987263083457947,0.0
0.953398585319519,5.97434663772583,57.295799255371094,0.5999998450279236,-0.6093766093254089,-0.025489110499620438,0.03448495268821716,1.0000022649765015,1.0000026226043701,0.0,1.0,0.6108194589614868,-0.5937484502792358,1.7881393032936899e-09,0.0,0.0,0.9999973773956299,1.0000022649765015,1.0000026226043701,0.0,0.0,0.0,0.0,0.6005396842956543,0.6103499531745911,1.6636719703674316,-0.07067587971687317,-1.635791301727295,0.09257031977176666,0.0,0.0,0.0,0.0,1.0000022649765015,1.0000026226043701,0.059999980032444,-0.0025489141698926687,-0.05995497107505798,0.0034494518768042326,0.0,0.0,0.0,0.0,0.0,0.0,0.5999999642372131,0.9987263083457947,0.0
0.9575985670089722,5.97434663772583,57.295799255371094,0.5999998450279236,-0.6093766093254089,-0.025489110499620438,0.03448495268821716,1.0000022649765015,1.0000026226043701,0.0,1.0,0.6108194589614868,-0.5937484502792358,1.7881393032936899e-09,0.0,0.0,0.9999973773956299,1.0000022649765015,1.0000026226043701,0.0,0.0,0.0,0.0,0.6005396842956543,0.6103499531745911,1.6636719703674316,-0.07067587971687317,-1.635791301727295,0.09257031977176666,0.0,0.0,0.0,0.0,1.0000022649765015,1.0000026226043701,0.059999980032444,-0.0025489141698926687,-0.05995497107505798,0.0034494518768042326,0.0,0.0,0.0,0.0,0.0,0.0,0.5999999642372131,0.9987263083457947,0.0
0.9617985486984253,5.97434663772583,57.295799255371094,0.5999998450279236,-0.6093766093254089,-0.025489110499620438,0.03448495268821716,1.0000022649765015,1.0000026226043701,0.0,1.0,0.6108194589614868,-0.5937484502792358,1.7881393032936899e-09,0.0,0.0,0.9999973773956299,1.0000022649765015,1.0000026226043701,0.0,0.0,0.0,0.0,0.6005396842956543,0.6103499531745911,1.6636719703674316,-0.07067587971687317,-1.635791301727295,0.09257031977176666,0.0,0.0,0.0,0.0,1.0000022649765015,1.0000026226043701,0.059999980032444,-0.0025489141698926687,-0.05995497107505798,0.0034494518768042326,0.0,0.0,0.0,0.0,0.0,0.0,0.5999999642372131,0.9987263083457947,0.0
0.9659985303878784,5.97434663772583,57.295799255371094,0.5999998450279236,-0.6093766093254089,-0.025489110499620438,0.03448495268821716,1.0000022649765015,1.0000026226043701,0.0,1.0,0.6108194589614868,-0.5937484502792358,1.7881393032936899e-09,0.0,0.0,0.9999973773956299,1.0000022649765015,1.0000026226043701,0.0,0.0,0.0,0.0,0.6005396842956543,0.6103499531745911,1.6636719703674316,-0.07067587971687317,-1.635791301727295,0.09257031977176666,0.0,0.0,0.0,0.0,1.0000022649765015,1.0000026226043701,0.059999980032444,-0.0025489141698926687,-0.05995497107505798,0.0034494518768042326,0.0,0.0,0.0,0.0,0.0,0.0,0.5999999642372131,0.9987263083457947,0.0
0.9701985120773315,5.97434663772583,57.295799255371094,0.5999998450279236,-0.6093766093254089,-0.025489110499620438,0.03448495268821716,1.0000022649765015,1.0000026226043701,0.0,1.0,0.6108194589614868,-0.5937484502792358,1.7881393032936899e-09,0.0,0.0,0.9999973773956299,1.0000022649765015,1.0000026226043701,0.0,0.0,0.0,0.0,0.6005396842956543,0.6103499531745911,1.6636719703674316,-0.07067587971687317,-1.635791301727295,0.09257031977176666,0.0,0.0,0.0,0.0,1.0000022649765015,1.0000026226043701,0.059999980032444,-0.0025489141698926687,-0.05995497107505798,0.0034494518768042326,0.0,0.0,0.0,0.0,0.0,0.0,0.5999999642372131,0.9987263083457947,0.0
0.9743984937667847,5.97434663772583,57.295799255371094,0.5999998450279236,-0.6093766093254089,-0.025489110499620438,0.03448495268821716,1.0000022649765015,1.0000026226043701,0.0,1.0,0.6108194589614868,-0.5937484502792358,1.7881393032936899e-09,0.0,0.0,0.9999973773956299,1.0000022649765015,1.0000026226043701,0.0,0.0,0.0,0.0,0.6005396842956543,0.6103499531745911,1.6636719703674316,-0.07067587971687317,-1.635791301727295,0.09257031977176666,0.0,0.0,0.0,0.0,1.0000022649765015,1.0000026226043701,0.059999980032444,-0.0025489141698926687,-0.05995497107505798,0.0034494518768042326,0.0,0.0,0.0,0.0,0.0,0.0,0.5999999642372131,0.9987263083457947,0.0
0.9785984754562378,5.97434663772583,57.295799255371094,0.5999998450279236,-0.6093766093254089,-0.025489110499620438,0.03448495268821716,1.0000022649765015,1.0000026226043701,0.0,1.0,0.6108194589614868,-0.5937484502792358,1.7881393032936899e-09,0.0,0.0,0.9999973773956299,1.0000022649765015,1.0000026226043701,0.0,0.0,0.0,0.0,0.6005396842956543,0.6103499531745911,1.6636719703674316,-0.07067587971687317,-1.635791301727295,0.09257031977176666,0.0,0.0,0.0,0.0,1.0000022649765015,1.0000026226043701,0.059999980032444,-0.0025489141698926687,-0.05995497107505798,0.0034494518768042326,0.0,0.0,0.0,0.0,0.0,0.0,0.5999999642372131,0.9987263083457947,0.0
0.9827984571456909,5.97434663772583,57.295799255371094,0.5999998450279236,-0.6093766093254089,-0.025489110499620438,0.03448495268821716,1.0000022649765015,1.0000026226043701,0.0,1.0,0.6108194589614868,-0.5937484502792358,1.7881393032936899e-09,0.0,0.0,0.9999973773956299,1.0000022649765015,1.0000026226043701,0.0,0.0,0.0,0.0,0.6005396842956543,0.6103499531745911,1.6636719703674316,-0.07067587971687317,-1.635791301727295,0.09257031977176666,0.0,0.0,0.0,0.0,1.0000022649765015,1.0000026226043701,0.059999980032444,-0.0025489141698926687,-0.05995497107505798,0.0034494518768042326,0.0,0.0,0.0,0.0,0.0,0.0,0.5999999642372131,0.9987263083457947,0.0
0.986998438835144,5.97434663772583,57.295799255371094,0.5999998450279236,-0.6093766093254089,-0.025489110499620438,0.03448495268821716,1.0000022649765015,1.0000026226043701,0.0,1.0,0.6108194589614868,-0.5937484502792358,1.7881393032936899e-09,0.0,0.0,0.9999973773956299,1.0000022649765015,1.0000026226043701,0.0,0.0,0.0,0.0,0.6005396842956543,0.6103499531745911,1.6636719703674316,-0.07067587971687317,-1.635791301727295,0.09257031977176666,0.0,0.0,0.0,0.0,1.0000022649765015,1.0000026226043701,0.059999980032444,-0.0025489141698926687,-0.05995497107505798,0.0034494518768042326,0.0,0.0,0.0,0.0,0.0,0.0,0.5999999642372131,0.9987263083457947,0.0
0.9911984205245972,5.97434663772583,57.295799255371094,0.5999998450279236,-0.6093766093254089,-0.025489110499620438,0.03448495268821716,1.0000022649765015,1.0000026226043701,0.0,1.0,0.6108194589614868,-0.5937484502792358,1.7881393032936899e-09,0.0,0.0,0.9999973773956299,1.0000022649765015,1.0000026226043701,0.0,0.0,0.0,0.0,0.6005396842956543,0.6103499531745911,1.6636719703674316,-0.07067587971687317,-1.635791301727295,0.09257031977176666,0.0,0.0,0.0,0.0,1.0000022649765015,1.0000026226043701,0.059999980032444,-0.0025489141698926687,-0.05995497107505798,0.0034494518768042326,0.0,0.0,0.0,0.0,0.0,0.0,0.5999999642372131,0.9987263083457947,0.0
0.9953984022140503,5.97434663772583,57.295799255371094,0.5999998450279236,-0.6093766093254089,-0.025489110499620438,0.03448495268821716,1.0000022649765015,1.0000026226043701,0.0,1.0,0.6108194589614868,-0.5937484502792358,1.7881393032936899e-09,0.0,0.0,0.9999973773956299,1.0000022649765015,1.0000026226043701,0.0,0.0,0.0,0.0,0.6005396842956543,0.6103499531745911,1.6636719703674316,-0.07067587971687317,-1.635791301727295,0.09257031977176666,0.0,0.0,0.0,0.0,1.0000022649765015,1.0000026226043701,0.059999980032444,-0.0025489141698926687,-0.05995497107505798,0.0034494518768042326,0.0,0.0,0.0,0.0,0.0,0.0,0.5999999642372131,0.9987263083457947,0.0
0.9995983839035034,5.97434663772583,57.295799255371094,0.5999998450279236,-0.6093766093254089,-0.025489110499620438,0.03448495268821716,1.0000022649765015,1.0000026226043701,0.0,1.0,0.6108194589614868,-0.5937484502792358,1.7881393032936899e-09,0.0,0.0,0.9999973773956299,1.0000022649765015,1.0000026226043701,0.0,0.0,0.0,0.0,0.6005396842956543,0.6103499531745911,1.6636719703674316,-0.07067587971687317,-1.635791301727295,0.09257031977176666,0.0,0.0,0.0,0.0,1.0000022649765015,1.0000026226043701,0.059999980032444,-0.0025489141698926687,-0.05995497107505798,0.0034494518768042326,0.0,0.0,0.0,0.0,0.0,0.0,0.5999999642372131,0.9987263083457947,0.0
1.0037983655929565,5.97434663772583,57.295799255371094,0.5999998450279236,-0.6093766093254089,-0.025489110499620438,0.03448495268821716,1.0000022649765015,1.0000026226043701,0.0,1.0,0.6108194589614868,-0.5937484502792358,1.7881393032936899e-09,0.0,0.0,0.9999973773956299,1.0000022649765015,1.0000026226043701,0.0,0.0,0.0,0.0,0.6005396842956543,0.6103499531745911,1.6636719703674316,-0.07067587971687317,-1.635791301727295,0.09257031977176666,0.0,0.0,0.0,0.0,1.0000022649765015,1.0000026226043701,0.059999980032444,-0.0025489141698926687,-0.05995497107505798,0.0034494518768042326,0.0,0.0,0.0,0.0,0.0,0.0,0.5999999642372131,0.9987263083457947,0.0
1.0079983472824097,5.97434663772583,57.295799255371094,0.5999998450279236,-0.6093766093254089,-0.025489110499620438,0.03448495268821716,1.0000022649765015,1.0000026226043701,0.0,1.0,0.6108194589614868,-0.5937484502792358,1.7881393032936899e-09,0.0,0.0,0.9999973773956299,1.0000022649765015,1.0000026226043701,0.0,0.0,0.0,0.0,0.6005396842956543,0.6103499531745911,1.6636719703674316,-0.07067587971687317,-1.635791301727295,0.09257031977176666,0.0,0.0,0.0,0.0,1.0000022649765015,1.0000026226043701,0.059999980032444,-0.0025489141698926687,-0.05995497107505798,0.0034494518768042326,0.0,0.0,0.0,0.0,0.0,0.0,0.5999999642372131,0.9987263083457947,0.0
1.0121983289718628,5.97434663772583,57.295799255371094,0.5999998450279236,-0.6093766093254089,-0.025489110499620438,0.03448495268821716,1.0000022649765015,1.0000026226043701,0.0,1.0,0.6108194589614868,-0.5937484502792358,1.7881393032936899e-09,0.0,0.0,0.9999973773956299,1.0000022649765015,1.0000026226043701,0.0,0.0,0.0,0.0,0.6005396842956543,0.6103499531745911,1.6636719703674316,-0.07067587971687317,-1.635791301727295,0.09257031977176666,0.0,0.0,0.0,0.0,1.0000022649765015,1.0000026226043701,0.059999980032444,-0.0025489141698926687,-0.05995497107505798,0.0034494518768042326,0.0,0.0,0.0,0.0,0.0,0.0,0.5999999642372131,0.9987263083457947,0.0
1.016398310661316,5.97434663772583,57.295799255371094,0.5999998450279236,-0.6093766093254089,-0.025489110499620438,0.03448495268821716,1.0000022649765015,1.0000026226043701,0.0,1.0,0.6108194589614868,-0.5937484502792358,1.7881393032936899e-09,0.0,0.0,0.9999973773956299,1.0000022649765015,1.0000026226043701,0.0,0.0,0.0,0.0,0.6005396842956543,0.6103499531745911,1.6636719703674316,-0.07067587971687317,-1.635791301727295,0.09257031977176666,0.0,0.0,0.0,0.0,1.0000022649765015,1.0000026226043701,0.059999980032444,-0.0025489141698926687,-0.05995497107505798,0.0034494518768042326,0.0,0.0,0.0,0.0,0.0,0.0,0.5999999642372131,0.9987263083457947,0.0
1.020598292350769,5.97434663772583,57.295799255371094,0.5999998450279236,-0.6093766093254089,-0.025489110499620438,0.03448495268821716,1.0000022649765015,1.0000026226043701,0.0,1.0,0.6108194589614868,-0.5937484502792358,1.7881393032936899e-09,0.0,0.0,0.9999973773956299,1.0000022649765015,1.0000026226043701,0.0,0.0,0.0,0.0,0.6005396842956543,0.6103499531745911,1.6636719703674316,-0.07067587971687317,-1.635791301727295,0.09257031977176666,0.0,0.0,0.0,0.0,1.0000022649765015,1.0000026226043701,0.059999980032444,-0.0025489141698926687,-0.05995497107505798,0.0034494518768042326,0.0,0.0,0.0,0.0,0.0,0.0,0.5999999642372131,0.9987263083457947,0.0
1.0247982740402222,5.97434663772583,57.295799255371094,0.5999998450279236,-0.6093766093254089,-0.025489110499620438,0.03448495268821716,1.0000022649765015,1.0000026226043701,0.0,1.0,0.6108194589614868,-0.5937484502792358,1.7881393032936899e-09,0.0,0.0,0.9999973773956299,1.0000022649765015,1.0000026226043701,0.0,0.0,0.0,0.0,0.6005396842956543,0.6103499531745911,1.6636719703674316,-0.07067587971687317,-1.635791301727295,0.09257031977176666,0.0,0.0,0.0,0.0,1.0000022649765015,1.0000026226043701,0.059999980032444,-0.0025489141698926687,-0.05995497107505798,0.0034494518768042326,0.0,0.0,0.0,0.0,0.0,0.0,0.5999999642372131,0.9987263083457947,0.0
1.0289982557296753,5.97434663772583,57.295799255371094,0.5999998450279236,-0.6093766093254089,-0.025489110499620438,0.03448495268821716,1.0000022649765015,1.0000026226043701,0.0,1.0,0.6108194589614868,-0.5937484502792358,1.7881393032936899e-09,0.0,0.0,0.9999973773956299,1.0000022649765015,1.0000026226043701,0.0,0.0,0.0,0.0,0.6005396842956543,0.6103499531745911,1.6636719703674316,-0.07067587971687317,-1.635791301727295,0.09257031977176666,0.0,0.0,0.0,0.0,1.0000022649765015,1.0000026226043701,0.059999980032444,-0.0025489141698926687,-0.05995497107505798,0.0034494518768042326,0.0,0.0,0.0,0.0,0.0,0.0,0.5999999642372131,0.9987263083457947,0.0
1.0331982374191284,5.97434663772583,57.295799255371094,0.5999998450279236,-0.6093766093254089,-0.025489110499620438,0.03448495268821716,1.0000022649765015,1.0000026226043701,0.0,1.0,0.6108194589614868,-0.5937484502792358,1.7881393032936899e-09,0.0,0.0,0.9999973773956299,1.0000022649765015,1.0000026226043701,0.0,0.0,0.0,0.0,0.6005396842956543,0.6103499531745911,1.6636719703674316,-0.07067587971687317,-1.635791301727295,0.09257031977176666,0.0,0.0,0.0,0.0,1.0000022649765015,1.0000026226043701,0.059999980032444,-0.0025489141698926687,-0.05995497107505798,0.0034494518768042326,0.0,0.0,0.0,0.0,0.0,0.0,0.5999999642372131,0.9987263083457947,0.0
1.0373982191085815,5.97434663772583,57.295799255371094,0.5999998450279236,-0.6093766093254089,-0.025489110499620438,0.03448495268821716,1.0000022649765015,1.0000026226043701,0.0,1.0,0.6108194589614868,-0.5937484502792358,1.7881393032936899e-09,0.0,0.0,0.9999973773956299,1.0000022649765015,1.0000026226043701,0.0,0.0,0.0,0.0,0.6005396842956543,0.6103499531745911,1.6636719703674316,-0.07067587971687317,-1.635791301727295,0.09257031977176666,0.0,0.0,0.0,0.0,1.0000022649765015,1.0000026226043701,0.059999980032444,-0.0025489141698926687,-0.05995497107505798,0.0034494518768042326,0.0,0.0,0.0,0.0,0.0,0.0,0.5999999642372131,0.9987263083457947,0.0
1.0415982007980347,5.97434663772583,57.295799255371094,0.5999998450279236,-0.6093766093254089,-0.025489110499620438,0.03448495268821716,1.0000022649765015,1.0000026226043701,0.0,1.0,0.6108194589614868,-0.5937484502792358,1.7881393032936899e-09,0.0,0.0,0.9999973773956299,1.0000022649765015,1.0000026226043701,0.0,0.0,0.0,0.0,0.6005396842956543,0.6103499531745911,1.6636719703674316,-0.07067587971687317,-1.635791301727295,0.09257031977176666,0.0,0.0,0.0,0.0,1.0000022649765015,1.0000026226043701,0.059999980032444,-0.0025489141698926687,-0.05995497107505798,0.0034494518768042326,0.0,0.0,0.0,0.0,0.0,0.0,0.5999999642372131,0.9987263083457947,0.0
1.0457981824874878,5.97434663772583,57.295799255371094,0.5999998450279236,-0.6093766093254089,-0.025489110499620438,0.03448495268821716,1.0000022649765015,1.0000026226043701,0.0,1.0,0.6108194589614868,-0.5937484502792358,1.7881393032936899e-09,0.0,0.0,0.9999973773956299,1.0000022649765015,1.0000026226043701,0.0,0.0,0.0,0.0,0.6005396842956543,0.6103499531745911,1.6636719703674316,-0.07067587971687317,-1.635791301727295,0.09257031977176666,0.0,0.0,0.0,0.0,1.0000022649765015,1.0000026226043701,0.059999980032444,-0.0025489141698926687,-0.05995497107505798,0.0034494518768042326,0.0,0.0,0.0,0.0,0.0,0.0,0.5999999642372131,0.9987263083457947,0.0
1.049998164176941,5.97434663772583,57.295799255371094,0.5999998450279236,-0.6093766093254089,-0.025489110499620438,0.03448495268821716,1.0000022649765015,1.0000026226043701,0.0,1.0,0.6108194589614868,-0.5937484502792358,1.7881393032936899e-09,0.0,0.0,0.9999973773956299,1.0000022649765015,1.0000026226043701,0.0,0.0,0.0,0.0,0.6005396842956543,0.6103499531745911,1.6636719703674316,-0.07067587971687317,-1.635791301727295,0.09257031977176666,0.0,0.0,0.0,0.0,1.0000022649765015,1.0000026226043701,0.059999980032444,-0.0025489141698926687,-0.05995497107505798,0.0034494518768042326,0.0,0.0,0.0,0.0,0.0,0.0,0.5999999642372131,0.9987263083457947,0.0
1.054198145866394,5.97434663772583,57.295799255371094,0.5999998450279236,-0.6093766093254089,-0.025489110499620438,0.03448495268821716,1.0000022649765015,1.0000026226043701,0.0,1.0,0.6108194589614868,-0.5937484502792358,1.7881393032936899e-09,0.0,0.0,0.9999973773956299,1.0000022649765015,1.0000026226043701,0.0,0.0,0.0,0.0,0.6005396842956543,0.6103499531745911,1.6636719703674316,-0.07067587971687317,-1.635791301727295,0.09257031977176666,0.0,0.0,0.0,0.0,1.0000022649765015,1.0000026226043701,0.059999980032444,-0.0025489141698926687,-0.05995497107505798,0.0034494518768042326,0.0,0.0,0.0,0.0,0.0,0.0,0.5999999642372131,0.9987263083457947,0.0
1.0583981275558472,5.97434663772583,57.295799255371094,0.5999998450279236,-0.6093766093254089,-0.025489110499620438,0.03448495268821716,1.0000022649765015,1.0000026226043701,0.0,1.0,0.6108194589614868,-0.5937484502792358,1.7881393032936899e-09,0.0,0.0,0.9999973773956299,1.0000022649765015,1.0000026226043701,0.0,0.0,0.0,0.0,0.6005396842956543,0.6103499531745911,1.6636719703674316,-0.07067587971687317,-1.635791301727295,0.09257031977176666,0.0,0.0,0.0,0.0,1.0000022649765015,1.0000026226043701,0.059999980032444,-0.0025489141698926687,-0.05995497107505798,0.0034494518768042326,0.0,0.0,0.0,0.0,0.0,0.0,0.5999999642372131,0.9987263083457947,0.0
1.0625981092453003,5.97434663772583,57.295799255371094,0.5999998450279236,-0.6093766093254089,-0.025489110499620438,0.03448495268821716,1.0000022649765015,1.0000026226043701,0.0,1.0,0.6108194589614868,-0.5937484502792358,1.7881393032936899e-09,0.0,0.0,0.9999973773956299,1.0000022649765015,1.0000026226043701,0.0,0.0,0.0,0.0,0.6005396842956543,0.6103499531745911,1.6636719703674316,-0.07067587971687317,-1.635791301727295,0.09257031977176666,0.0,0.0,0.0,0.0,1.0000022649765015,1.0000026226043701,0.059999980032444,-0.0025489141698926687,-0.05995497107505798,0.0034494518768042326,0.0,0.0,0.0,0.0,0.0,0.0,0.5999999642372131,0.9987263083457947,0.0
1.0667980909347534,5.97434663772583,57.295799255371094,0.5999998450279236,-0.6093766093254089,-0.025489110499620438,0.03448495268821716,1.0000022649765015,1.0000026226043701,0.0,1.0,0.6108194589614868,-0.5937484502792358,1.7881393032936899e-09,0.0,0.0,0.9999973773956299,1.0000022649765015,1.0000026226043701,0.0,0.0,0.0,0.0,0.6005396842956543,0.6103499531745911,1.6636719703674316,-0.07067587971687317,-1.635791301727295,0.09257031977176666,0.0,0.0,0.0,0.0,1.0000022649765015,1.0000026226043701,0.059999980032444,-0.0025489141698926687,-0.05995497107505798,0.0034494518768042326,0.0,0.0,0.0,0.0,0.0,0.0,0.5999999642372131,0.9987263083457947,0.0
1.0709980726242065,5.97434663772583,57.295799255371094,0.5999998450279236,-0.6093766093254089,-0.025489110499620438,0.03448495268821716,1.0000022649765015,1.0000026226043701,0.0,1.0,0.6108194589614868,-0.5937484502792358,1.7881393032936899e-09,0.0,0.0,0.9999973773956299,1.0000022649765015,1.0000026226043701,0.0,0.0,0.0,0.0,0.6005396842956543,0.6103499531745911,1.6636719703674316,-0.07067587971687317,-1.635791301727295,0.09257031977176666,0.0,0.0,0.0,0.0,1.0000022649765015,1.0000026226043701,0.059999980032444,-0.0025489141698926687,-0.05995497107505798,0.0034494518768042326,0.0,0.0,0.0,0.0,0.0,0.0,0.5999999642372131,0.9987263083457947,0.0
1.0751980543136597,5.97434663772583,57.295799255371094,0.5999998450279236,-0.6093766093254089,-0.025489110499620438,0.03448495268821716,1.0000022649765015,1.0000026226043701,0.0,1.0,0.6108194589614868,-0.5937484502792358,1.7881393032936899e-09,0.0,0.0,0.9999973773956299,1.0000022649765015,1.0000026226043701,0.0,0.0,0.0,0.0,0.6005396842956543,0.6103499531745911,1.6636719703674316,-0.07067587971687317,-1.635791301727295,0.09257031977176666,0.0,0.0,0.0,0.0,1.0000022649765015,1.0000026226043701,0.059999980032444,-0.0025489141698926687,-0.05995497107505798,0.0034494518768042326,0.0,0.0,0.0,0.0,0.0,0.0,0.5999999642372131,0.9987263083457947,0.0
1.0793980360031128,5.97434663772583,57.295799255371094,0.5999998450279236,-0.6093766093254089,-0.025489110499620438,0.03448495268821716,1.0000022649765015,1.0000026226043701,0.0,1.0,0.6108194589614868,-0.5937484502792358,1.7881393032936899e-09,0.0,0.0,0.9999973773956299,1.0000022649765015,1.0000026226043701,0.0,0.0,0.0,0.0,0.6005396842956543,0.6103499531745911,1.6636719703674316,-0.07067587971687317,-1.635791301727295,0.09257031977176666,0.0,0.0,0.0,0.0,1.0000022649765015,1.0000026226043701,0.059999980032444,-0.0025489141698926687,-0.05995497107505798,0.0034494518768042326,0.0,0.0,0.0,0.0,0.0,0.0,0.5999999642372131,0.9987263083457947,0.0
1.083598017692566,5.97434663772583,57.295799255371094,0.5999998450279236,-0.6093766093254089,-0.025489110499620438,0.03448495268821716,1.0000022649765015,1.0000026226043701,0.0,1.0,0.6108194589614868,-0.5937484502792358,1.7881393032936899e-09,0.0,0.0,0.9999973773956299,1.0000022649765015,1.0000026226043701,0.0,0.0,0.0,0.0,0.6005396842956543,0.6103499531745911,1.6636719703674316,-0.07067587971687317,-1.635791301727295,0.09257031977176666,0.0,0.0,0.0,0.0,1.0000022649765015,1.0000026226043701,0.059999980032444,-0.0025489141698926687,-0.05995497107505798,0.0034494518768042326,0.0,0.0,0.0,0.0,0.0,0.0,0.5999999642372131,0.9987263083457947,0.0
1.087797999382019,5.97434663772583,57.295799255371094,0.5999998450279236,-0.6093766093254089,-0.025489110499620438,0.03448495268821716,1.0000022649765015,1.0000026226043701,0.0,1.0,0.6108194589614868,-0.5937484502792358,1.7881393032936899e-09,0.0,0.0,0.9999973773956299,1.0000022649765015,1.0000026226043701,0.0,0.0,0.0,0.0,0.6005396842956543,0.6103499531745911,1.6636719703674316,-0.07067587971687317,-1.635791301727295,0.09257031977176666,0.0,0.0,0.0,0.0,1.0000022649765015,1.0000026226043701,0.059999980032444,-0.0025489141698926687,-0.05995497107505798,0.0034494518768042326,0.0,0.0,0.0,0.0,0.0,0.0,0.5999999642372131,0.9987263083457947,0.0
1.0919979810714722,5.97434663772583,57.295799255371094,0.5999998450279236,-0.6093766093254089,-0.025489110499620438,0.03448495268821716,1.0000022649765015,1.0000026226043701,0.0,1.0,0.6108194589614868,-0.5937484502792358,1.7881393032936899e-09,0.0,0.0,0.9999973773956299,1.0000022649765015,1.0000026226043701,0.0,0.0,0.0,0.0,0.6005396842956543,0.6103499531745911,1.6636719703674316,-0.07067587971687317,-1.635791301727295,0.09257031977176666,0.0,0.0,0.0,0.0,1.0000022649765015,1.0000026226043701,0.059999980032444,-0.0025489141698926687,-0.05995497107505798,0.0034494518768042326,0.0,0.0,0.0,0.0,0.0,0.0,0.5999999642372131,0.9987263083457947,0.0
1.0961979627609253,5.97434663772583,57.295799255371094,0.5999998450279236,-0.6093766093254089,-0.025489110499620438,0.03448495268821716,1.0000022649765015,1.0000026226043701,0.0,1.0,0.6108194589614868,-0.5937484502792358,1.7881393032936899e-09,0.0,0.0,0.9999973773956299,1.0000022649765015,1.0000026226043701,0.0,0.0,0.0,0.0,0.6005396842956543,0.6103499531745911,1.6636719703674316,-0.07067587971687317,-1.635791301727295,0.09257031977176666,0.0,0.0,0.0,0.0,1.0000022649765015,1.0000026226043701,0.059999980032444,-0.0025489141698926687,-0.05995497107505798,0.0034494518768042326,0.0,0.0,0.0,0.0,0.0,0.0,0.5999999642372131,0.9987263083457947,0.0
1.1003979444503784,5.97434663772583,57.295799255371094,0.5999998450279236,-0.6093766093254089,-0.025489110499620438,0.03448495268821716,1.0000022649765015,1.0000026226043701,0.0,1.0,0.6108194589614868,-0.5937484502792358,1.7881393032936899e-09,0.0,0.0,0.9999973773956299,1.0000022649765015,1.0000026226043701,0.0,0.0,0.0,0.0,0.6005396842956543,0.6103499531745911,1.6636719703674316,-0.07067587971687317,-1.635791301727295,0.09257031977176666,0.0,0.0,0.0,0.0,1.0000022649765015,1.0000026226043701,0.059999980032444,-0.0025489141698926687,-0.05995497107505798,0.0034494518768042326,0.0,0.0,0.0,0.0,0.0,0.0,0.5999999642372131,0.9987263083457947,0.0
1.1045979261398315,5.97434663772583,57.295799255371094,0.5999998450279236,-0.6093766093254089,-0.025489110499620438,0.03448495268821716,1.0000022649765015,1.0000026226043701,0.0,1.0,0.6108194589614868,-0.5937484502792358,1.7881393032936899e-09,0.0,0.0,0.9999973773956299,1.0000022649765015,1.0000026226043701,0.0,0.0,0.0,0.0,0.6005396842956543,0.6103499531745911,1.6636719703674316,-0.07067587971687317,-1.635791301727295,0.09257031977176666,0.0,0.0,0.0,0.0,1.0000022649765015,1.0000026226043701,0.059999980032444,-0.0025489141698926687,-0.05995497107505798,0.0034494518768042326,0.0,0.0,0.0,0.0,0.0,0.0,0.5999999642372131,0.9987263083457947,0.0
1.1087979078292847,5.97434663772583,57.295799255371094,0.5999998450279236,-0.6093766093254089,-0.025489110499620438,0.03448495268821716,1.0000022649765015,1.0000026226043701,0.0,1.0,0.6108194589614868,-0.5937484502792358,1.7881393032936899e-09,0.0,0.0,0.9999973773956299,1.0000022649765015,1.0000026226043701,0.0,0.0,0.0,0.0,0.6005396842956543,0.6103499531745911,1.6636719703674316,-0.07067587971687317,-1.635791301727295,0.09257031977176666,0.0,0.0,0.0,0.0,1.0000022649765015,1.0000026226043701,0.059999980032444,-0.0025489141698926687,-0.05995497107505798,0.0034494518768042326,0.0,0.0,0.0,0.0,0.0,0.0,0.5999999642372131,0.9987263083457947,0.0
1.1129978895187378,5.97434663772583,57.295799255371094,0.5999998450279236,-0.6093766093254089,-0.025489110499620438,0.03448495268821716,1.0000022649765015,1.0000026226043701,0.0,1.0,0.6108194589614868,-0.5937484502792358,1.7881393032936899e-09,0.0,0.0,0.9999973773956299,1.0000022649765015,1.0000026226043701,0.0,0.0,0.0,0.0,0.6005396842956543,0.6103499531745911,1.6636719703674316,-0.07067587971687317,-1.635791301727295,0.09257031977176666,0.0,0.0,0.0,0.0,1.0000022649765015,1.0000026226043701,0.059999980032444,-0.0025489141698926687,-0.05995497107505798,0.0034494518768042326,0.0,0.0,0.0,0.0,0.0,0.0,0.5999999642372131,0.9987263083457947,0.0
1.117197871208191,5.97434663772583,57.295799255371094,0.5999998450279236,-0.6093766093254089,-0.025489110499620438,0.03448495268821716,1.0000022649765015,1.0000026226043701,0.0,1.0,0.6108194589614868,-0.5937484502792358,1.7881393032936899e-09,0.0,0.0,0.9999973773956299,1.0000022649765015,1.0000026226043701,0.0,0.0,0.0,0.0,0.6005396842956543,0.6103499531745911,1.6636719703674316,-0.07067587971687317,-1.635791301727295,0.09257031977176666,0.0,0.0,0.0,0.0,1.0000022649765015,1.0000026226043701,0.059999980032444,-0.0025489141698926687,-0.05995497107505798,0.0034494518768042326,0.0,0.0,0.0,0.0,0.0,0.0,0.5999999642372131,0.9987263083457947,0.0
1.121397852897644,5.97434663772583,57.295799255371094,0.5999998450279236,-0.6093766093254089,-0.025489110499620438,0.03448495268821716,1.0000022649765015,1.0000026226043701,0.0,1.0,0.6108194589614868,-0.5937484502792358,1.7881393032936899e-09,0.0,0.0,0.9999973773956299,1.0000022649765015,1.0000026226043701,0.0,0.0,0.0,0.0,0.6005396842956543,0.6103499531745911,1.6636719703674316,-0.07067587971687317,-1.635791301727295,0.09257031977176666,0.0,0.0,0.0,0.0,1.0000022649765015,1.0000026226043701,0.059999980032444,-0.0025489141698926687,-0.05995497107505798,0.0034494518768042326,0.0,0.0,0.0,0.0,0.0,0.0,0.5999999642372131,0.9987263083457947,0.0
1.1255978345870972,5.97434663772583,57.295799255371094,0.5999998450279236,-0.6093766093254089,-0.025489110499620438,0.03448495268821716,1.0000022649765015,1.0000026226043701,0.0,1.0,0.6108194589614868,-0.5937484502792358,1.7881393032936899e-09,0.0,0.0,0.9999973773956299,1.0000022649765015,1.0000026226043701,0.0,0.0,0.0,0.0,0.6005396842956543,0.6103499531745911,1.6636719703674316,-0.07067587971687317,-1.635791301727295,0.09257031977176666,0.0,0.0,0.0,0.0,1.0000022649765015,1.0000026226043701,0.059999980032444,-0.0025489141698926687,-0.05995497107505798,0.0034494518768042326,0.0,0.0,0.0,0.0,0.0,0.0,0.5999999642372131,0.9987263083457947,0.0
1.1297978162765503,5.97434663772583,57.295799255371094,0.5999998450279236,-0.6093766093254089,-0.025489110499620438,0.03448495268821716,1.0000022649765015,1.0000026226043701,0.0,1.0,0.6108194589614868,-0.5937484502792358,1.7881393032936899e-09,0.0,0.0,0.9999973773956299,1.0000022649765015,1.0000026226043701,0.0,0.0,0.0,0.0,0.6005396842956543,0.6103499531745911,1.6636719703674316,-0.07067587971687317,-1.635791301727295,0.09257031977176666,0.0,0.0,0.0,0.0,1.0000022649765015,1.0000026226043701,0.059999980032444,-0.0025489141698926687,-0.05995497107505798,0.0034494518768042326,0.0,0.0,0.0,0.0,0.0,0.0,0.5999999642372131,0.9987263083457947,0.0
1.1339977979660034,5.97434663772583,57.295799255371094,0.5999998450279236,-0.6093766093254089,-0.025489110499620438,0.03448495268821716,1.0000022649765015,1.0000026226043701,0.0,1.0,0.6108194589614868,-0.5937484502792358,1.7881393032936899e-09,0.0,0.0,0.9999973773956299,1.0000022649765015,1.0000026226043701,0.0,0.0,0.0,0.0,0.6005396842956543,0.6103499531745911,1.6636719703674316,-0.07067587971687317,-1.635791301727295,0.09257031977176666,0.0,0.0,0.0,0.0,1.0000022649765015,1.0000026226043701,0.059999980032444,-0.0025489141698926687,-0.05995497107505798,0.0034494518768042326,0.0,0.0,0.0,0.0,0.0,0.0,0.5999999642372131,0.9987263083457947,0.0
1.1381977796554565,5.97434663772583,57.295799255371094,0.5999998450279236,-0.6093766093254089,-0.025489110499620438,0.03448495268821716,1.0000022649765015,1.0000026226043701,0.0,1.0,0.6108194589614868,-0.5937484502792358,1.7881393032936899e-09,0.0,0.0,0.9999973773956299,1.0000022649765015,1.0000026226043701,0.0,0.0,0.0,0.0,0.6005396842956543,0.6103499531745911,1.6636719703674316,-0.07067587971687317,-1.635791301727295,0.09257031977176666,0.0,0.0,0.0,0.0,1.0000022649765015,1.0000026226043701,0.059999980032444,-0.0025489141698926687,-0.05995497107505798,0.0034494518768042326,0.0,0.0,0.0,0.0,0.0,0.0,0.5999999642372131,0.9987263083457947,0.0
1.1423977613449097,5.97434663772583,57.295799255371094,0.5999998450279236,-0.6093766093254089,-0.025489110499620438,0.03448495268821716,1.0000022649765015,1.0000026226043701,0.0,1.0,0.6108194589614868,-0.5937484502792358,1.7881393032936899e-09,0.0,0.0,0.9999973773956299,1.0000022649765015,1.0000026226043701,0.0,0.0,0.0,0.0,0.6005396842956543,0.6103499531745911,1.6636719703674316,-0.07067587971687317,-1.635791301727295,0.09257031977176666,0.0,0.0,0.0,0.0,1.0000022649765015,1.0000026226043701,0.059999980032444,-0.0025489141698926687,-0.05995497107505798,0.0034494518768042326,0.0,0.0,0.0,0.0,0.0,0.0,0.5999999642372131,0.9987263083457947,0.0
1.1465977430343628,5.97434663772583,57.295799255371094,0.5999998450279236,-0.6093766093254089,-0.025489110499620438,0.03448495268821716,1.0000022649765015,1.0000026226043701,0.0,1.0,0.6108194589614868,-0.5937484502792358,1.7881393032936899e-09,0.0,0.0,0.9999973773956299,1.0000022649765015,1.0000026226043701,0.0,0.0,0.0,0.0,0.6005396842956543,0.6103499531745911,1.6636719703674316,-0.07067587971687317,-1.635791301727295,0.09257031977176666,0.0,0.0,0.0,0.0,1.0000022649765015,1.0000026226043701,0.059999980032444,-0.0025489141698926687,-0.05995497107505798,0.0034494518768042326,0.0,0.0,0.0,0.0,0.0,0.0,0.5999999642372131,0.9987263083457947,0.0
1.150797724723816,5.97434663772583,57.295799255371094,0.5999998450279236,-0.6093766093254089,-0.025489110499620438,0.03448495268821716,1.0000022649765015,1.0000026226043701,0.0,1.0,0.6108194589614868,-0.5937484502792358,1.7881393032936899e-09,0.0,0.0,0.9999973773956299,1.0000022649765015,1.0000026226043701,0.0,0.0,0.0,0.0,0.6005396842956543,0.6103499531745911,1.6636719703674316,-0.07067587971687317,-1.635791301727295,0.09257031977176666,0.0,0.0,0.0,0.0,1.0000022649765015,1.0000026226043701,0.059999980032444,-0.0025489141698926687,-0.05995497107505798,0.0034494518768042326,0.0,0.0,0.0,0.0,0.0,0.0,0.5999999642372131,0.9987263083457947,0.0
1.154997706413269,5.97434663772583,57.295799255371094,0.5999998450279236,-0.6093766093254089,-0.025489110499620438,0.03448495268821716,1.0000022649765015,1.0000026226043701,0.0,1.0,0.6108194589614868,-0.5937484502792358,1.7881393032936899e-09,0.0,0.0,0.9999973773956299,1.0000022649765015,1.0000026226043701,0.0,0.0,0.0,0.0,0.6005396842956543,0.6103499531745911,1.6636719703674316,-0.07067587971687317,-1.635791301727295,0.09257031977176666,0.0,0.0,0.0,0.0,1.0000022649765015,1.0000026226043701,0.059999980032444,-0.0025489141698926687,-0.05995497107505798,0.0034494518768042326,0.0,0.0,0.0,0.0,0.0,0.0,0.5999999642372131,0.9987263083457947,0.0
1.1591976881027222,5.97434663772583,57.295799255371094,0.5999998450279236,-0.6093766093254089,-0.025489110499620438,0.03448495268821716,1.0000022649765015,1.0000026226043701,0.0,1.0,0.6108194589614868,-0.5937484502792358,1.7881393032936899e-09,0.0,0.0,0.9999973773956299,1.0000022649765015,1.0000026226043701,0.0,0.0,0.0,0.0,0.6005396842956543,0.6103499531745911,1.6636719703674316,-0.07067587971687317,-1.635791301727295,0.09257031977176666,0.0,0.0,0.0,0.0,1.0000022649765015,1.0000026226043701,0.059999980032444,-0.0025489141698926687,-0.05995497107505798,0.0034494518768042326,0.0,0.0,0.0,0.0,0.0,0.0,0.5999999642372131,0.9987263083457947,0.0
1.1633976697921753,5.97434663772583,57.295799255371094,0.5999998450279236,-0.6093766093254089,-0.025489110499620438,0.03448495268821716,1.0000022649765015,1.0000026226043701,0.0,1.0,0.6108194589614868,-0.5937484502792358,1.7881393032936899e-09,0.0,0.0,0.9999973773956299,1.0000022649765015,1.0000026226043701,0.0,0.0,0.0,0.0,0.6005396842956543,0.6103499531745911,1.6636719703674316,-0.07067587971687317,-1.635791301727295,0.09257031977176666,0.0,0.0,0.0,0.0,1.0000022649765015,1.0000026226043701,0.059999980032444,-0.0025489141698926687,-0.05995497107505798,0.0034494518768042326,0.0,0.0,0.0,0.0,0.0,0.0,0.5999999642372131,0.9987263083457947,0.0
1.1675976514816284,5.97434663772583,57.295799255371094,0.5999998450279236,-0.6093766093254089,-0.025489110499620438,0.03448495268821716,1.0000022649765015,1.0000026226043701,0.0,1.0,0.6108194589614868,-0.5937484502792358,1.7881393032936899e-09,0.0,0.0,0.9999973773956299,1.0000022649765015,1.0000026226043701,0.0,0.0,0.0,0.0,0.6005396842956543,0.6103499531745911,1.6636719703674316,-0.07067587971687317,-1.635791301727295,0.09257031977176666,0.0,0.0,0.0,0.0,1.0000022649765015,1.0000026226043701,0.059999980032444,-0.0025489141698926687,-0.05995497107505798,0.0034494518768042326,0.0,0.0,0.0,0.0,0.0,0.0,0.5999999642372131,0.9987263083457947,0.0
1.1717976331710815,5.97434663772583,57.295799255371094,0.5999998450279236,-0.6093766093254089,-0.025489110499620438,0.03448495268821716,1.0000022649765015,1.0000026226043701,0.0,1.0,0.6108194589614868,-0.5937484502792358,1.7881393032936899e-09,0.0,0.0,0.9999973773956299,1.0000022649765015,1.0000026226043701,0.0,0.0,0.0,0.0,0.6005396842956543,0.6103499531745911,1.6636719703674316,-0.07067587971687317,-1.635791301727295,0.09257031977176666,0.0,0.0,0.0,0.0,1.0000022649765015,1.0000026226043701,0.059999980032444,-0.0025489141698926687,-0.05995497107505798,0.0034494518768042326,0.0,0.0,0.0,0.0,0.0,0.0,0.5999999642372131,0.9987263083457947,0.0
1.1759976148605347,5.97434663772583,57.295799255371094,0.5999998450279236,-0.6093766093254089,-0.025489110499620438,0.03448495268821716,1.0000022649765015,1.0000026226043701,0.0,1.0,0.6108194589614868,-0.5937484502792358,1.7881393032936899e-09,0.0,0.0,0.9999973773956299,1.0000022649765015,1.0000026226043701,0.0,0.0,0.0,0.0,0.6005396842956543,0.6103499531745911,1.6636719703674316,-0.07067587971687317,-1.635791301727295,0.09257031977176666,0.0,0.0,0.0,0.0,1.0000022649765015,1.0000026226043701,0.059999980032444,-0.0025489141698926687,-0.05995497107505798,0.0034494518768042326,0.0,0.0,0.0,0.0,0.0,0.0,0.5999999642372131,0.9987263083457947,0.0
1.1801975965499878,5.97434663772583,57.295799255371094,0.5999998450279236,-0.6093766093254089,-0.025489110499620438,0.03448495268821716,1.0000022649765015,1.0000026226043701,0.0,1.0,0.6108194589614868,-0.5937484502792358,1.7881393032936899e-09,0.0,0.0,0.9999973773956299,1.0000022649765015,1.0000026226043701,0.0,0.0,0.0,0.0,0.6005396842956543,0.6103499531745911,1.6636719703674316,-0.07067587971687317,-1.635791301727295,0.09257031977176666,0.0,0.0,0.0,0.0,1.0000022649765015,1.0000026226043701,0.059999980032444,-0.0025489141698926687,-0.05995497107505798,0.0034494518768042326,0.0,0.0,0.0,0.0,0.0,0.0,0.5999999642372131,0.9987263083457947,0.0
1.184397578239441,5.97434663772583,57.295799255371094,0.5999998450279236,-0.6093766093254089,-0.025489110499620438,0.03448495268821716,1.0000022649765015,1.0000026226043701,0.0,1.0,0.6108194589614868,-0.5937484502792358,1.7881393032936899e-09,0.0,0.0,0.9999973773956299,1.0000022649765015,1.0000026226043701,0.0,0.0,0.0,0.0,0.6005396842956543,0.6103499531745911,1.6636719703674316,-0.07067587971687317,-1.635791301727295,0.09257031977176666,0.0,0.0,0.0,0.0,1.0000022649765015,1.0000026226043701,0.059999980032444,-0.0025489141698926687,-0.05995497107505798,0.0034494518768042326,0.0,0.0,0.0,0.0,0.0,0.0,0.5999999642372131,0.9987263083457947,0.0
1.188597559928894,5.97434663772583,57.295799255371094,0.5999998450279236,-0.6093766093254089,-0.025489110499620438,0.03448495268821716,1.0000022649765015,1.0000026226043701,0.0,1.0,0.6108194589614868,-0.5937484502792358,1.7881393032936899e-09,0.0,0.0,0.9999973773956299,1.0000022649765015,1.0000026226043701,0.0,0.0,0.0,0.0,0.6005396842956543,0.6103499531745911,1.6636719703674316,-0.07067587971687317,-1.635791301727295,0.09257031977176666,0.0,0.0,0.0,0.0,1.0000022649765015,1.0000026226043701,0.059999980032444,-0.0025489141698926687,-0.05995497107505798,0.0034494518768042326,0.0,0.0,0.0,0.0,0.0,0.0,0.5999999642372131,0.9987263083457947,0.0
1.1927975416183472,5.97434663772583,57.295799255371094,0.5999998450279236,-0.6093766093254089,-0.025489110499620438,0.03448495268821716,1.0000022649765015,1.0000026226043701,0.0,1.0,0.6108194589614868,-0.5937484502792358,1.7881393032936899e-09,0.0,0.0,0.9999973773956299,1.0000022649765015,1.0000026226043701,0.0,0.0,0.0,0.0,0.6005396842956543,0.6103499531745911,1.6636719703674316,-0.07067587971687317,-1.635791301727295,0.09257031977176666,0.0,0.0,0.0,0.0,1.0000022649765015,1.0000026226043701,0.059999980032444,-0.0025489141698926687,-0.05995497107505798,0.0034494518768042326,0.0,0.0,0.0,0.0,0.0,0.0,0.5999999642372131,0.9987263083457947,0.0
1.1969975233078003,5.97434663772583,57.295799255371094,0.5999998450279236,-0.6093766093254089,-0.025489110499620438,0.03448495268821716,1.0000022649765015,1.0000026226043701,0.0,1.0,0.6108194589614868,-0.5937484502792358,1.7881393032936899e-09,0.0,0.0,0.9999973773956299,1.0000022649765015,1.0000026226043701,0.0,0.0,0.0,0.0,0.6005396842956543,0.6103499531745911,1.6636719703674316,-0.07067587971687317,-1.635791301727295,0.09257031977176666,0.0,0.0,0.0,0.0,1.0000022649765015,1.0000026226043701,0.059999980032444,-0.0025489141698926687,-0.05995497107505798,0.0034494518768042326,0.0,0.0,0.0,0.0,0.0,0.0,0.5999999642372131,0.9987263083457947,0.0
1.2011975049972534,5.97434663772583,57.295799255371094,0.5999998450279236,-0.6093766093254089,-0.025489110499620438,0.03448495268821716,1.0000022649765015,1.0000026226043701,0.0,1.0,0.6108194589614868,-0.5937484502792358,1.7881393032936899e-09,0.0,0.0,0.9999973773956299,1.0000022649765015,1.0000026226043701,0.0,0.0,0.0,0.0,0.6005396842956543,0.6103499531745911,1.6636719703674316,-0.07067587971687317,-1.635791301727295,0.09257031977176666,0.0,0.0,0.0,0.0,1.0000022649765015,1.0000026226043701,0.059999980032444,-0.0025489141698926687,-0.05995497107505798,0.0034494518768042326,0.0,0.0,0.0,0.0,0.0,0.0,0.5999999642372131,0.9987263083457947,0.0
1.2053974866867065,5.97434663772583,57.295799255371094,0.5999998450279236,-0.6093766093254089,-0.025489110499620438,0.03448495268821716,1.0000022649765015,1.0000026226043701,0.0,1.0,0.6108194589614868,-0.5937484502792358,1.7881393032936899e-09,0.0,0.0,0.9999973773956299,1.0000022649765015,1.0000026226043701,0.0,0.0,0.0,0.0,0.6005396842956543,0.6103499531745911,1.6636719703674316,-0.07067587971687317,-1.635791301727295,0.09257031977176666,0.0,0.0,0.0,0.0,1.0000022649765015,1.0000026226043701,0.059999980032444,-0.0025489141698926687,-0.05995497107505798,0.0034494518768042326,0.0,0.0,0.0,0.0,0.0,0.0,0.5999999642372131,0.9987263083457947,0.0
1.2095974683761597,5.97434663772583,57.295799255371094,0.5999998450279236,-0.6093766093254089,-0.025489110499620438,0.03448495268821716,1.0000022649765015,1.0000026226043701,0.0,1.0,0.6108194589614868,-0.5937484502792358,1.7881393032936899e-09,0.0,0.0,0.9999973773956299,1.0000022649765015,1.0000026226043701,0.0,0.0,0.0,0.0,0.6005396842956543,0.6103499531745911,1.6636719703674316,-0.07067587971687317,-1.635791301727295,0.09257031977176666,0.0,0.0,0.0,0.0,1.0000022649765015,1.0000026226043701,0.059999980032444,-0.0025489141698926687,-0.05995497107505798,0.0034494518768042326,0.0,0.0,0.0,0.0,0.0,0.0,0.5999999642372131,0.9987263083457947,0.0
1.2137974500656128,5.97434663772583,57.295799255371094,0.5999998450279236,-0.6093766093254089,-0.025489110499620438,0.03448495268821716,1.0000022649765015,1.0000026226043701,0.0,1.0,0.6108194589614868,-0.5937484502792358,1.7881393032936899e-09,0.0,0.0,0.9999973773956299,1.0000022649765015,1.0000026226043701,0.0,0.0,0.0,0.0,0.6005396842956543,0.6103499531745911,1.6636719703674316,-0.07067587971687317,-1.635791301727295,0.09257031977176666,0.0,0.0,0.0,0.0,1.0000022649765015,1.0000026226043701,0.059999980032444,-0.0025489141698926687,-0.05995497107505798,0.0034494518768042326,0.0,0.0,0.0,0.0,0.0,0.0,0.5999999642372131,0.9987263083457947,0.0
1.217997431755066,5.97434663772583,57.295799255371094,0.5999998450279236,-0.6093766093254089,-0.025489110499620438,0.03448495268821716,1.0000022649765015,1.0000026226043701,0.0,1.0,0.6108194589614868,-0.5937484502792358,1.7881393032936899e-09,0.0,0.0,0.9999973773956299,1.0000022649765015,1.0000026226043701,0.0,0.0,0.0,0.0,0.6005396842956543,0.6103499531745911,1.6636719703674316,-0.07067587971687317,-1.635791301727295,0.09257031977176666,0.0,0.0,0.0,0.0,1.0000022649765015,1.0000026226043701,0.059999980032444,-0.0025489141698926687,-0.05995497107505798,0.0034494518768042326,0.0,0.0,0.0,0.0,0.0,0.0,0.5999999642372131,0.9987263083457947,0.0
1.222197413444519,5.97434663772583,57.295799255371094,0.5999998450279236,-0.6093766093254089,-0.025489110499620438,0.03448495268821716,1.0000022649765015,1.0000026226043701,0.0,1.0,0.6108194589614868,-0.5937484502792358,1.7881393032936899e-09,0.0,0.0,0.9999973773956299,1.0000022649765015,1.0000026226043701,0.0,0.0,0.0,0.0,0.6005396842956543,0.6103499531745911,1.6636719703674316,-0.07067587971687317,-1.635791301727295,0.09257031977176666,0.0,0.0,0.0,0.0,1.0000022649765015,1.0000026226043701,0.059999980032444,-0.0025489141698926687,-0.05995497107505798,0.0034494518768042326,0.0,0.0,0.0,0.0,0.0,0.0,0.5999999642372131,0.9987263083457947,0.0
1.2263973951339722,5.97434663772583,57.295799255371094,0.5999998450279236,-0.6093766093254089,-0.025489110499620438,0.03448495268821716,1.0000022649765015,1.0000026226043701,0.0,1.0,0.6108194589614868,-0.5937484502792358,1.7881393032936899e-09,0.0,0.0,0.9999973773956299,1.0000022649765015,1.0000026226043701,0.0,0.0,0.0,0.0,0.6005396842956543,0.6103499531745911,1.6636719703674316,-0.07067587971687317,-1.635791301727295,0.09257031977176666,0.0,0.0,0.0,0.0,1.0000022649765015,1.0000026226043701,0.059999980032444,-0.0025489141698926687,-0.05995497107505798,0.0034494518768042326,0.0,0.0,0.0,0.0,0.0,0.0,0.5999999642372131,0.9987263083457947,0.0
1.2305973768234253,5.97434663772583,57.295799255371094,0.5999998450279236,-0.6093766093254089,-0.025489110499620438,0.03448495268821716,1.0000022649765015,1.0000026226043701,0.0,1.0,0.6108194589614868,-0.5937484502792358,1.7881393032936899e-09,0.0,0.0,0.9999973773956299,1.0000022649765015,1.0000026226043701,0.0,0.0,0.0,0.0,0.6005396842956543,0.6103499531745911,1.6636719703674316,-0.07067587971687317,-1.635791301727295,0.09257031977176666,0.0,0.0,0.0,0.0,1.0000022649765015,1.0000026226043701,0.059999980032444,-0.0025489141698926687,-0.05995497107505798,0.0034494518768042326,0.0,0.0,0.0,0.0,0.0,0.0,0.5999999642372131,0.9987263083457947,0.0
1.2347973585128784,5.97434663772583,57.295799255371094,0.5999998450279236,-0.6093766093254089,-0.025489110499620438,0.03448495268821716,1.0000022649765015,1.0000026226043701,0.0,1.0,0.6108194589614868,-0.5937484502792358,1.7881393032936899e-09,0.0,0.0,0.9999973773956299,1.0000022649765015,1.0000026226043701,0.0,0.0,0.0,0.0,0.6005396842956543,0.6103499531745911,1.6636719703674316,-0.07067587971687317,-1.635791301727295,0.09257031977176666,0.0,0.0,0.0,0.0,1.0000022649765015,1.0000026226043701,0.059999980032444,-0.0025489141698926687,-0.05995497107505798,0.0034494518768042326,0.0,0.0,0.0,0.0,0.0,0.0,0.5999999642372131,0.9987263083457947,0.0
1.2389973402023315,5.97434663772583,57.295799255371094,0.5999998450279236,-0.6093766093254089,-0.025489110499620438,0.03448495268821716,1.0000022649765015,1.0000026226043701,0.0,1.0,0.6108194589614868,-0.5937484502792358,1.7881393032936899e-09,0.0,0.0,0.9999973773956299,1.0000022649765015,1.0000026226043701,0.0,0.0,0.0,0.0,0.6005396842956543,0.6103499531745911,1.6636719703674316,-0.07067587971687317,-1.635791301727295,0.09257031977176666,0.0,0.0,0.0,0.0,1.0000022649765015,1.0000026226043701,0.059999980032444,-0.0025489141698926687,-0.05995497107505798,0.0034494518768042326,0.0,0.0,0.0,0.0,0.0,0.0,0.5999999642372131,0.9987263083457947,0.0
1.2431973218917847,5.97434663772583,57.295799255371094,0.5999998450279236,-0.6093766093254089,-0.025489110499620438,0.03448495268821716,1.0000022649765015,1.0000026226043701,0.0,1.0,0.6108194589614868,-0.5937484502792358,1.7881393032936899e-09,0.0,0.0,0.9999973773956299,1.0000022649765015,1.0000026226043701,0.0,0.0,0.0,0.0,0.6005396842956543,0.6103499531745911,1.6636719703674316,-0.07067587971687317,-1.635791301727295,0.09257031977176666,0.0,0.0,0.0,0.0,1.0000022649765015,1.0000026226043701,0.059999980032444,-0.0025489141698926687,-0.05995497107505798,0.0034494518768042326,0.0,0.0,0.0,0.0,0.0,0.0,0.5999999642372131,0.9987263083457947,0.0
1.2473973035812378,5.97434663772583,57.295799255371094,0.5999998450279236,-0.6093766093254089,-0.025489110499620438,0.03448495268821716,1.0000022649765015,1.0000026226043701,0.0,1.0,0.6108194589614868,-0.5937484502792358,1.7881393032936899e-09,0.0,0.0,0.9999973773956299,1.0000022649765015,1.0000026226043701,0.0,0.0,0.0,0.0,0.6005396842956543,0.6103499531745911,1.6636719703674316,-0.07067587971687317,-1.635791301727295,0.09257031977176666,0.0,0.0,0.0,0.0,1.0000022649765015,1.0000026226043701,0.059999980032444,-0.0025489141698926687,-0.05995497107505798,0.0034494518768042326,0.0,0.0,0.0,0.0,0.0,0.0,0.5999999642372131,0.9987263083457947,0.0
1.251597285270691,5.97434663772583,57.295799255371094,0.5999998450279236,-0.6093766093254089,-0.025489110499620438,0.03448495268821716,1.0000022649765015,1.0000026226043701,0.0,1.0,0.6108194589614868,-0.5937484502792358,1.7881393032936899e-09,0.0,0.0,0.9999973773956299,1.0000022649765015,1.0000026226043701,0.0,0.0,0.0,0.0,0.6005396842956543,0.6103499531745911,1.6636719703674316,-0.07067587971687317,-1.635791301727295,0.09257031977176666,0.0,0.0,0.0,0.0,1.0000022649765015,1.0000026226043701,0.059999980032444,-0.0025489141698926687,-0.05995497107505798,0.0034494518768042326,0.0,0.0,0.0,0.0,0.0,0.0,0.5999999642372131,0.9987263083457947,0.0
1.255797266960144,5.97434663772583,57.295799255371094,0.5999998450279236,-0.6093766093254089,-0.025489110499620438,0.03448495268821716,1.0000022649765015,1.0000026226043701,0.0,1.0,0.6108194589614868,-0.5937484502792358,1.7881393032936899e-09,0.0,0.0,0.9999973773956299,1.0000022649765015,1.0000026226043701,0.0,0.0,0.0,0.0,0.6005396842956543,0.6103499531745911,1.6636719703674316,-0.07067587971687317,-1.635791301727295,0.09257031977176666,0.0,0.0,0.0,0.0,1.0000022649765015,1.0000026226043701,0.059999980032444,-0.0025489141698926687,-0.05995497107505798,0.0034494518768042326,0.0,0.0,0.0,0.0,0.0,0.0,0.5999999642372131,0.9987263083457947,0.0
1.2599972486495972,5.97434663772583,57.295799255371094,0.5999998450279236,-0.6093766093254089,-0.025489110499620438,0.03448495268821716,1.0000022649765015,1.0000026226043701,0.0,1.0,0.6108194589614868,-0.5937484502792358,1.7881393032936899e-09,0.0,0.0,0.9999973773956299,1.0000022649765015,1.0000026226043701,0.0,0.0,0.0,0.0,0.6005396842956543,0.6103499531745911,1.6636719703674316,-0.07067587971687317,-1.635791301727295,0.09257031977176666,0.0,0.0,0.0,0.0,1.0000022649765015,1.0000026226043701,0.059999980032444,-0.0025489141698926687,-0.05995497107505798,0.0034494518768042326,0.0,0.0,0.0,0.0,0.0,0.0,0.5999999642372131,0.9987263083457947,0.0
1.2641972303390503,5.97434663772583,57.295799255371094,0.5999998450279236,-0.6093766093254089,-0.025489110499620438,0.03448495268821716,1.0000022649765015,1.0000026226043701,0.0,1.0,0.6108194589614868,-0.5937484502792358,1.7881393032936899e-09,0.0,0.0,0.9999973773956299,1.0000022649765015,1.0000026226043701,0.0,0.0,0.0,0.0,0.6005396842956543,0.6103499531745911,1.6636719703674316,-0.07067587971687317,-1.635791301727295,0.09257031977176666,0.0,0.0,0.0,0.0,1.0000022649765015,1.0000026226043701,0.059999980032444,-0.0025489141698926687,-0.05995497107505798,0.0034494518768042326,0.0,0.0,0.0,0.0,0.0,0.0,0.5999999642372131,0.9987263083457947,0.0
1.2683972120285034,5.97434663772583,57.295799255371094,0.5999998450279236,-0.6093766093254089,-0.025489110499620438,0.03448495268821716,1.0000022649765015,1.0000026226043701,0.0,1.0,0.6108194589614868,-0.5937484502792358,1.7881393032936899e-09,0.0,0.0,0.9999973773956299,1.0000022649765015,1.0000026226043701,0.0,0.0,0.0,0.0,0.6005396842956543,0.6103499531745911,1.6636719703674316,-0.07067587971687317,-1.635791301727295,0.09257031977176666,0.0,0.0,0.0,0.0,1.0000022649765015,1.0000026226043701,0.059999980032444,-0.0025489141698926687,-0.05995497107505798,0.0034494518768042326,0.0,0.0,0.0,0.0,0.0,0.0,0.5999999642372131,0.9987263083457947,0.0
1.2725971937179565,5.97434663772583,57.295799255371094,0.5999998450279236,-0.6093766093254089,-0.025489110499620438,0.03448495268821716,1.0000022649765015,1.0000026226043701,0.0,1.0,0.6108194589614868,-0.5937484502792358,1.7881393032936899e-09,0.0,0.0,0.9999973773956299,1.0000022649765015,1.0000026226043701,0.0,0.0,0.0,0.0,0.6005396842956543,0.6103499531745911,1.6636719703674316,-0.07067587971687317,-1.635791301727295,0.09257031977176666,0.0,0.0,0.0,0.0,1.0000022649765015,1.0000026226043701,0.059999980032444,-0.0025489141698926687,-0.05995497107505798,0.0034494518768042326,0.0,0.0,0.0,0.0,0.0,0.0,0.5999999642372131,0.9987263083457947,0.0
1.2767971754074097,5.97434663772583,57.295799255371094,0.5999998450279236,-0.6093766093254089,-0.025489110499620438,0.03448495268821716,1.0000022649765015,1.0000026226043701,0.0,1.0,0.6108194589614868,-0.5937484502792358,1.7881393032936899e-09,0.0,0.0,0.9999973773956299,1.0000022649765015,1.0000026226043701,0.0,0.0,0.0,0.0,0.6005396842956543,0.6103499531745911,1.6636719703674316,-0.07067587971687317,-1.635791301727295,0.09257031977176666,0.0,0.0,0.0,0.0,1.0000022649765015,1.0000026226043701,0.059999980032444,-0.0025489141698926687,-0.05995497107505798,0.0034494518768042326,0.0,0.0,0.0,0.0,0.0,0.0,0.5999999642372131,0.9987263083457947,0.0
1.2809971570968628,5.97434663772583,57.295799255371094,0.5999998450279236,-0.6093766093254089,-0.025489110499620438,0.03448495268821716,1.0000022649765015,1.0000026226043701,0.0,1.0,0.6108194589614868,-0.5937484502792358,1.7881393032936899e-09,0.0,0.0,0.9999973773956299,1.0000022649765015,1.0000026226043701,0.0,0.0,0.0,0.0,0.6005396842956543,0.6103499531745911,1.6636719703674316,-0.07067587971687317,-1.635791301727295,0.09257031977176666,0.0,0.0,0.0,0.0,1.0000022649765015,1.0000026226043701,0.059999980032444,-0.0025489141698926687,-0.05995497107505798,0.0034494518768042326,0.0,0.0,0.0,0.0,0.0,0.0,0.5999999642372131,0.9987263083457947,0.0
1.285197138786316,5.97434663772583,57.295799255371094,0.5999998450279236,-0.6093766093254089,-0.025489110499620438,0.03448495268821716,1.0000022649765015,1.0000026226043701,0.0,1.0,0.6108194589614868,-0.5937484502792358,1.7881393032936899e-09,0.0,0.0,0.9999973773956299,1.0000022649765015,1.0000026226043701,0.0,0.0,0.0,0.0,0.6005396842956543,0.6103499531745911,1.6636719703674316,-0.07067587971687317,-1.635791301727295,0.09257031977176666,0.0,0.0,0.0,0.0,1.0000022649765015,1.0000026226043701,0.059999980032444,-0.0025489141698926687,-0.05995497107505798,0.0034494518768042326,0.0,0.0,0.0,0.0,0.0,0.0,0.5999999642372131,0.9987263083457947,0.0
1.289397120475769,5.97434663772583,57.295799255371094,0.5999998450279236,-0.6093766093254089,-0.025489110499620438,0.03448495268821716,1.0000022649765015,1.0000026226043701,0.0,1.0,0.6108194589614868,-0.5937484502792358,1.7881393032936899e-09,0.0,0.0,0.9999973773956299,1.0000022649765015,1.0000026226043701,0.0,0.0,0.0,0.0,0.6005396842956543,0.6103499531745911,1.6636719703674316,-0.07067587971687317,-1.635791301727295,0.09257031977176666,0.0,0.0,0.0,0.0,1.0000022649765015,1.0000026226043701,0.059999980032444,-0.0025489141698926687,-0.05995497107505798,0.0034494518768042326,0.0,0.0,0.0,0.0,0.0,0.0,0.5999999642372131,0.9987263083457947,0.0
1.2935971021652222,5.97434663772583,57.295799255371094,0.5999998450279236,-0.6093766093254089,-0.025489110499620438,0.03448495268821716,1.0000022649765015,1.0000026226043701,0.0,1.0,0.6108194589614868,-0.5937484502792358,1.7881393032936899e-09,0.0,0.0,0.9999973773956299,1.0000022649765015,1.0000026226043701,0.0,0.0,0.0,0.0,0.6005396842956543,0.6103499531745911,1.6636719703674316,-0.07067587971687317,-1.635791301727295,0.09257031977176666,0.0,0.0,0.0,0.0,1.0000022649765015,1.0000026226043701,0.059999980032444,-0.0025489141698926687,-0.05995497107505798,0.0034494518768042326,0.0,0.0,0.0,0.0,0.0,0.0,0.5999999642372131,0.9987263083457947,0.0
1.2977970838546753,5.97434663772583,57.295799255371094,0.5999998450279236,-0.6093766093254089,-0.025489110499620438,0.03448495268821716,1.0000022649765015,1.0000026226043701,0.0,1.0,0.6108194589614868,-0.5937484502792358,1.7881393032936899e-09,0.0,0.0,0.9999973773956299,1.0000022649765015,1.0000026226043701,0.0,0.0,0.0,0.0,0.6005396842956543,0.6103499531745911,1.6636719703674316,-0.07067587971687317,-1.635791301727295,0.09257031977176666,0.0,0.0,0.0,0.0,1.0000022649765015,1.0000026226043701,0.059999980032444,-0.0025489141698926687,-0.05995497107505798,0.0034494518768042326,0.0,0.0,0.0,0.0,0.0,0.0,0.5999999642372131,0.9987263083457947,0.0
1.3019970655441284,5.97434663772583,57.295799255371094,0.5999998450279236,-0.6093766093254089,-0.025489110499620438,0.03448495268821716,1.0000022649765015,1.0000026226043701,0.0,1.0,0.6108194589614868,-0.5937484502792358,1.7881393032936899e-09,0.0,0.0,0.9999973773956299,1.0000022649765015,1.0000026226043701,0.0,0.0,0.0,0.0,0.6005396842956543,0.6103499531745911,1.6636719703674316,-0.07067587971687317,-1.635791301727295,0.09257031977176666,0.0,0.0,0.0,0.0,1.0000022649765015,1.0000026226043701,0.059999980032444,-0.0025489141698926687,-0.05995497107505798,0.0034494518768042326,0.0,0.0,0.0,0.0,0.0,0.0,0.5999999642372131,0.9987263083457947,0.0
1.3061970472335815,5.97434663772583,57.295799255371094,0.5999998450279236,-0.6093766093254089,-0.025489110499620438,0.03448495268821716,1.0000022649765015,1.0000026226043701,0.0,1.0,0.6108194589614868,-0.5937484502792358,1.7881393032936899e-09,0.0,0.0,0.9999973773956299,1.0000022649765015,1.0000026226043701,0.0,0.0,0.0,0.0,0.6005396842956543,0.6103499531745911,1.6636719703674316,-0.07067587971687317,-1.635791301727295,0.09257031977176666,0.0,0.0,0.0,0.0,1.0000022649765015,1.0000026226043701,0.059999980032444,-0.0025489141698926687,-0.05995497107505798,0.0034494518768042326,0.0,0.0,0.0,0.0,0.0,0.0,0.5999999642372131,0.9987263083457947,0.0
1.3103970289230347,5.97434663772583,57.295799255371094,0.5999998450279236,-0.6093766093254089,-0.025489110499620438,0.03448495268821716,1.0000022649765015,1.0000026226043701,0.0,1.0,0.6108194589614868,-0.5937484502792358,1.7881393032936899e-09,0.0,0.0,0.9999973773956299,1.0000022649765015,1.0000026226043701,0.0,0.0,0.0,0.0,0.6005396842956543,0.6103499531745911,1.6636719703674316,-0.07067587971687317,-1.635791301727295,0.09257031977176666,0.0,0.0,0.0,0.0,1.0000022649765015,1.0000026226043701,0.059999980032444,-0.0025489141698926687,-0.05995497107505798,0.0034494518768042326,0.0,0.0,0.0,0.0,0.0,0.0,0.5999999642372131,0.9987263083457947,0.0
1.3145970106124878,5.97434663772583,57.295799255371094,0.5999998450279236,-0.6093766093254089,-0.025489110499620438,0.03448495268821716,1.0000022649765015,1.0000026226043701,0.0,1.0,0.6108194589614868,-0.5937484502792358,1.7881393032936899e-09,0.0,0.0,0.9999973773956299,1.0000022649765015,1.0000026226043701,0.0,0.0,0.0,0.0,0.6005396842956543,0.6103499531745911,1.6636719703674316,-0.07067587971687317,-1.635791301727295,0.09257031977176666,0.0,0.0,0.0,0.0,1.0000022649765015,1.0000026226043701,0.059999980032444,-0.0025489141698926687,-0.05995497107505798,0.0034494518768042326,0.0,0.0,0.0,0.0,0.0,0.0,0.5999999642372131,0.9987263083457947,0.0
1.318796992301941,5.97434663772583,57.295799255371094,0.5999998450279236,-0.6093766093254089,-0.025489110499620438,0.03448495268821716,1.0000022649765015,1.0000026226043701,0.0,1.0,0.6108194589614868,-0.5937484502792358,1.7881393032936899e-09,0.0,0.0,0.9999973773956299,1.0000022649765015,1.0000026226043701,0.0,0.0,0.0,0.0,0.6005396842956543,0.6103499531745911,1.6636719703674316,-0.07067587971687317,-1.635791301727295,0.09257031977176666,0.0,0.0,0.0,0.0,1.0000022649765015,1.0000026226043701,0.059999980032444,-0.0025489141698926687,-0.05995497107505798,0.0034494518768042326,0.0,0.0,0.0,0.0,0.0,0.0,0.5999999642372131,0.9987263083457947,0.0
1.322996973991394,5.97434663772583,57.295799255371094,0.5999998450279236,-0.6093766093254089,-0.025489110499620438,0.03448495268821716,1.0000022649765015,1.0000026226043701,0.0,1.0,0.6108194589614868,-0.5937484502792358,1.7881393032936899e-09,0.0,0.0,0.9999973773956299,1.0000022649765015,1.0000026226043701,0.0,0.0,0.0,0.0,0.6005396842956543,0.6103499531745911,1.6636719703674316,-0.07067587971687317,-1.635791301727295,0.09257031977176666,0.0,0.0,0.0,0.0,1.0000022649765015,1.0000026226043701,0.059999980032444,-0.0025489141698926687,-0.05995497107505798,0.0034494518768042326,0.0,0.0,0.0,0.0,0.0,0.0,0.5999999642372131,0.9987263083457947,0.0
1.3271969556808472,5.97434663772583,57.295799255371094,0.5999998450279236,-0.6093766093254089,-0.025489110499620438,0.03448495268821716,1.0000022649765015,1.0000026226043701,0.0,1.0,0.6108194589614868,-0.5937484502792358,1.7881393032936899e-09,0.0,0.0,0.9999973773956299,1.0000022649765015,1.0000026226043701,0.0,0.0,0.0,0.0,0.6005396842956543,0.6103499531745911,1.6636719703674316,-0.07067587971687317,-1.635791301727295,0.09257031977176666,0.0,0.0,0.0,0.0,1.0000022649765015,1.0000026226043701,0.059999980032444,-0.0025489141698926687,-0.05995497107505798,0.0034494518768042326,0.0,0.0,0.0,0.0,0.0,0.0,0.5999999642372131,0.9987263083457947,0.0
1.3313969373703003,5.97434663772583,57.295799255371094,0.5999998450279236,-0.6093766093254089,-0.025489110499620438,0.03448495268821716,1.0000022649765015,1.0000026226043701,0.0,1.0,0.6108194589614868,-0.5937484502792358,1.7881393032936899e-09,0.0,0.0,0.9999973773956299,1.0000022649765015,1.0000026226043701,0.0,0.0,0.0,0.0,0.6005396842956543,0.6103499531745911,1.6636719703674316,-0.07067587971687317,-1.635791301727295,0.09257031977176666,0.0,0.0,0.0,0.0,1.0000022649765015,1.0000026226043701,0.059999980032444,-0.0025489141698926687,-0.05995497107505798,0.0034494518768042326,0.0,0.0,0.0,0.0,0.0,0.0,0.5999999642372131,0.9987263083457947,0.0
1.3355969190597534,5.97434663772583,57.295799255371094,0.5999998450279236,-0.6093766093254089,-0.025489110499620438,0.03448495268821716,1.0000022649765015,1.0000026226043701,0.0,1.0,0.6108194589614868,-0.5937484502792358,1.7881393032936899e-09,0.0,0.0,0.9999973773956299,1.0000022649765015,1.0000026226043701,0.0,0.0,0.0,0.0,0.6005396842956543,0.6103499531745911,1.6636719703674316,-0.07067587971687317,-1.635791301727295,0.09257031977176666,0.0,0.0,0.0,0.0,1.0000022649765015,1.0000026226043701,0.059999980032444,-0.0025489141698926687,-0.05995497107505798,0.0034494518768042326,0.0,0.0,0.0,0.0,0.0,0.0,0.5999999642372131,0.9987263083457947,0.0
1.3397969007492065,5.97434663772583,57.295799255371094,0.5999998450279236,-0.6093766093254089,-0.025489110499620438,0.03448495268821716,1.0000022649765015,1.0000026226043701,0.0,1.0,0.6108194589614868,-0.5937484502792358,1.7881393032936899e-09,0.0,0.0,0.9999973773956299,1.0000022649765015,1.0000026226043701,0.0,0.0,0.0,0.0,0.6005396842956543,0.6103499531745911,1.6636719703674316,-0.07067587971687317,-1.635791301727295,0.09257031977176666,0.0,0.0,0.0,0.0,1.0000022649765015,1.0000026226043701,0.059999980032444,-0.0025489141698926687,-0.05995497107505798,0.0034494518768042326,0.0,0.0,0.0,0.0,0.0,0.0,0.5999999642372131,0.9987263083457947,0.0
1.3439968824386597,5.97434663772583,57.295799255371094,0.5999998450279236,-0.6093766093254089,-0.025489110499620438,0.03448495268821716,1.0000022649765015,1.0000026226043701,0.0,1.0,0.6108194589614868,-0.5937484502792358,1.7881393032936899e-09,0.0,0.0,0.9999973773956299,1.0000022649765015,1.0000026226043701,0.0,0.0,0.0,0.0,0.6005396842956543,0.6103499531745911,1.6636719703674316,-0.07067587971687317,-1.635791301727295,0.09257031977176666,0.0,0.0,0.0,0.0,1.0000022649765015,1.0000026226043701,0.059999980032444,-0.0025489141698926687,-0.05995497107505798,0.0034494518768042326,0.0,0.0,0.0,0.0,0.0,0.0,0.5999999642372131,0.9987263083457947,0.0
1.3481968641281128,5.97434663772583,57.295799255371094,0.5999998450279236,-0.6093766093254089,-0.025489110499620438,0.03448495268821716,1.0000022649765015,1.0000026226043701,0.0,1.0,0.6108194589614868,-0.5937484502792358,1.7881393032936899e-09,0.0,0.0,0.9999973773956299,1.0000022649765015,1.0000026226043701,0.0,0.0,0.0,0.0,0.6005396842956543,0.6103499531745911,1.6636719703674316,-0.07067587971687317,-1.635791301727295,0.09257031977176666,0.0,0.0,0.0,0.0,1.0000022649765015,1.0000026226043701,0.059999980032444,-0.0025489141698926687,-0.05995497107505798,0.0034494518768042326,0.0,0.0,0.0,0.0,0.0,0.0,0.5999999642372131,0.9987263083457947,0.0
1.352396845817566,5.97434663772583,57.295799255371094,0.5999998450279236,-0.6093766093254089,-0.025489110499620438,0.03448495268821716,1.0000022649765015,1.0000026226043701,0.0,1.0,0.6108194589614868,-0.5937484502792358,1.7881393032936899e-09,0.0,0.0,0.9999973773956299,1.0000022649765015,1.0000026226043701,0.0,0.0,0.0,0.0,0.6005396842956543,0.6103499531745911,1.6636719703674316,-0.07067587971687317,-1.635791301727295,0.09257031977176666,0.0,0.0,0.0,0.0,1.0000022649765015,1.0000026226043701,0.059999980032444,-0.0025489141698926687,-0.05995497107505798,0.0034494518768042326,0.0,0.0,0.0,0.0,0.0,0.0,0.5999999642372131,0.9987263083457947,0.0
1.356596827507019,5.97434663772583,57.295799255371094,0.5999998450279236,-0.6093766093254089,-0.025489110499620438,0.03448495268821716,1.0000022649765015,1.0000026226043701,0.0,1.0,0.6108194589614868,-0.5937484502792358,1.7881393032936899e-09,0.0,0.0,0.9999973773956299,1.0000022649765015,1.0000026226043701,0.0,0.0,0.0,0.0,0.6005396842956543,0.6103499531745911,1.6636719703674316,-0.07067587971687317,-1.635791301727295,0.09257031977176666,0.0,0.0,0.0,0.0,1.0000022649765015,1.0000026226043701,0.059999980032444,-0.0025489141698926687,-0.05995497107505798,0.0034494518768042326,0.0,0.0,0.0,0.0,0.0,0.0,0.5999999642372131,0.9987263083457947,0.0
1.3607968091964722,5.97434663772583,57.295799255371094,0.5999998450279236,-0.6093766093254089,-0.025489110499620438,0.03448495268821716,1.0000022649765015,1.0000026226043701,0.0,1.0,0.6108194589614868,-0.5937484502792358,1.7881393032936899e-09,0.0,0.0,0.9999973773956299,1.0000022649765015,1.0000026226043701,0.0,0.0,0.0,0.0,0.6005396842956543,0.6103499531745911,1.6636719703674316,-0.07067587971687317,-1.635791301727295,0.09257031977176666,0.0,0.0,0.0,0.0,1.0000022649765015,1.0000026226043701,0.059999980032444,-0.0025489141698926687,-0.05995497107505798,0.0034494518768042326,0.0,0.0,0.0,0.0,0.0,0.0,0.5999999642372131,0.9987263083457947,0.0
1.3649967908859253,5.97434663772583,57.295799255371094,0.5999998450279236,-0.6093766093254089,-0.025489110499620438,0.03448495268821716,1.0000022649765015,1.0000026226043701,0.0,1.0,0.6108194589614868,-0.5937484502792358,1.7881393032936899e-09,0.0,0.0,0.9999973773956299,1.0000022649765015,1.0000026226043701,0.0,0.0,0.0,0.0,0.6005396842956543,0.6103499531745911,1.6636719703674316,-0.07067587971687317,-1.635791301727295,0.09257031977176666,0.0,0.0,0.0,0.0,1.0000022649765015,1.0000026226043701,0.059999980032444,-0.0025489141698926687,-0.05995497107505798,0.0034494518768042326,0.0,0.0,0.0,0.0,0.0,0.0,0.5999999642372131,0.9987263083457947,0.0
1.3691967725753784,5.97434663772583,57.295799255371094,0.5999998450279236,-0.6093766093254089,-0.025489110499620438,0.03448495268821716,1.0000022649765015,1.0000026226043701,0.0,1.0,0.6108194589614868,-0.5937484502792358,1.7881393032936899e-09,0.0,0.0,0.9999973773956299,1.0000022649765015,1.0000026226043701,0.0,0.0,0.0,0.0,0.6005396842956543,0.6103499531745911,1.6636719703674316,-0.07067587971687317,-1.635791301727295,0.09257031977176666,0.0,0.0,0.0,0.0,1.0000022649765015,1.0000026226043701,0.059999980032444,-0.0025489141698926687,-0.05995497107505798,0.0034494518768042326,0.0,0.0,0.0,0.0,0.0,0.0,0.5999999642372131,0.9987263083457947,0.0
1.3733967542648315,5.97434663772583,57.295799255371094,0.5999998450279236,-0.6093766093254089,-0.025489110499620438,0.03448495268821716,1.0000022649765015,1.0000026226043701,0.0,1.0,0.6108194589614868,-0.5937484502792358,1.7881393032936899e-09,0.0,0.0,0.9999973773956299,1.0000022649765015,1.0000026226043701,0.0,0.0,0.0,0.0,0.6005396842956543,0.6103499531745911,1.6636719703674316,-0.07067587971687317,-1.635791301727295,0.09257031977176666,0.0,0.0,0.0,0.0,1.0000022649765015,1.0000026226043701,0.059999980032444,-0.0025489141698926687,-0.05995497107505798,0.0034494518768042326,0.0,0.0,0.0,0.0,0.0,0.0,0.5999999642372131,0.9987263083457947,0.0
1.3775967359542847,5.97434663772583,57.295799255371094,0.5999998450279236,-0.6093766093254089,-0.025489110499620438,0.03448495268821716,1.0000022649765015,1.0000026226043701,0.0,1.0,0.6108194589614868,-0.5937484502792358,1.7881393032936899e-09,0.0,0.0,0.9999973773956299,1.0000022649765015,1.0000026226043701,0.0,0.0,0.0,0.0,0.6005396842956543,0.6103499531745911,1.6636719703674316,-0.07067587971687317,-1.635791301727295,0.09257031977176666,0.0,0.0,0.0,0.0,1.0000022649765015,1.0000026226043701,0.059999980032444,-0.0025489141698926687,-0.05995497107505798,0.0034494518768042326,0.0,0.0,0.0,0.0,0.0,0.0,0.5999999642372131,0.9987263083457947,0.0
1.3817967176437378,5.97434663772583,57.295799255371094,0.5999998450279236,-0.6093766093254089,-0.025489110499620438,0.03448495268821716,1.0000022649765015,1.0000026226043701,0.0,1.0,0.6108194589614868,-0.5937484502792358,1.7881393032936899e-09,0.0,0.0,0.9999973773956299,1.0000022649765015,1.0000026226043701,0.0,0.0,0.0,0.0,0.6005396842956543,0.6103499531745911,1.6636719703674316,-0.07067587971687317,-1.635791301727295,0.09257031977176666,0.0,0.0,0.0,0.0,1.0000022649765015,1.0000026226043701,0.059999980032444,-0.0025489141698926687,-0.05995497107505798,0.0034494518768042326,0.0,0.0,0.0,0.0,0.0,0.0,0.5999999642372131,0.9987263083457947,0.0
1.385996699333191,5.97434663772583,57.295799255371094,0.5999998450279236,-0.6093766093254089,-0.025489110499620438,0.03448495268821716,1.0000022649765015,1.0000026226043701,0.0,1.0,0.6108194589614868,-0.5937484502792358,1.7881393032936899e-09,0.0,0.0,0.9999973773956299,1.0000022649765015,1.0000026226043701,0.0,0.0,0.0,0.0,0.6005396842956543,0.6103499531745911,1.6636719703674316,-0.07067587971687317,-1.635791301727295,0.09257031977176666,0.0,0.0,0.0,0.0,1.0000022649765015,1.0000026226043701,0.059999980032444,-0.0025489141698926687,-0.05995497107505798,0.0034494518768042326,0.0,0.0,0.0,0.0,0.0,0.0,0.5999999642372131,0.9987263083457947,0.0
1.390196681022644,5.97434663772583,57.295799255371094,0.5999998450279236,-0.6093766093254089,-0.025489110499620438,0.03448495268821716,1.0000022649765015,1.0000026226043701,0.0,1.0,0.6108194589614868,-0.5937484502792358,1.7881393032936899e-09,0.0,0.0,0.9999973773956299,1.0000022649765015,1.0000026226043701,0.0,0.0,0.0,0.0,0.6005396842956543,0.6103499531745911,1.6636719703674316,-0.07067587971687317,-1.635791301727295,0.09257031977176666,0.0,0.0,0.0,0.0,1.0000022649765015,1.0000026226043701,0.059999980032444,-0.0025489141698926687,-0.05995497107505798,0.0034494518768042326,0.0,0.0,0.0,0.0,0.0,0.0,0.5999999642372131,0.9987263083457947,0.0
1.3943966627120972,5.97434663772583,57.295799255371094,0.5999998450279236,-0.6093766093254089,-0.025489110499620438,0.03448495268821716,1.0000022649765015,1.0000026226043701,0.0,1.0,0.6108194589614868,-0.5937484502792358,1.7881393032936899e-09,0.0,0.0,0.9999973773956299,1.0000022649765015,1.0000026226043701,0.0,0.0,0.0,0.0,0.6005396842956543,0.6103499531745911,1.6636719703674316,-0.07067587971687317,-1.635791301727295,0.09257031977176666,0.0,0.0,0.0,0.0,1.0000022649765015,1.0000026226043701,0.059999980032444,-0.0025489141698926687,-0.05995497107505798,0.0034494518768042326,0.0,0.0,0.0,0.0,0.0,0.0,0.5999999642372131,0.9987263083457947,0.0
1.3985966444015503,5.97434663772583,57.295799255371094,0.5999998450279236,-0.6093766093254089,-0.025489110499620438,0.03448495268821716,1.0000022649765015,1.0000026226043701,0.0,1.0,0.6108194589614868,-0.5937484502792358,1.7881393032936899e-09,0.0,0.0,0.9999973773956299,1.0000022649765015,1.0000026226043701,0.0,0.0,0.0,0.0,0.6005396842956543,0.6103499531745911,1.6636719703674316,-0.07067587971687317,-1.635791301727295,0.09257031977176666,0.0,0.0,0.0,0.0,1.0000022649765015,1.0000026226043701,0.059999980032444,-0.0025489141698926687,-0.05995497107505798,0.0034494518768042326,0.0,0.0,0.0,0.0,0.0,0.0,0.5999999642372131,0.9987263083457947,0.0
1.4027966260910034,5.97434663772583,57.295799255371094,0.5999998450279236,-0.6093766093254089,-0.025489110499620438,0.03448495268821716,1.0000022649765015,1.0000026226043701,0.0,1.0,0.6108194589614868,-0.5937484502792358,1.7881393032936899e-09,0.0,0.0,0.9999973773956299,1.0000022649765015,1.0000026226043701,0.0,0.0,0.0,0.0,0.6005396842956543,0.6103499531745911,1.6636719703674316,-0.07067587971687317,-1.635791301727295,0.09257031977176666,0.0,0.0,0.0,0.0,1.0000022649765015,1.0000026226043701,0.059999980032444,-0.0025489141698926687,-0.05995497107505798,0.0034494518768042326,0.0,0.0,0.0,0.0,0.0,0.0,0.5999999642372131,0.9987263083457947,0.0
1.4069966077804565,5.97434663772583,57.295799255371094,0.5999998450279236,-0.6093766093254089,-0.025489110499620438,0.03448495268821716,1.0000022649765015,1.0000026226043701,0.0,1.0,0.6108194589614868,-0.5937484502792358,1.7881393032936899e-09,0.0,0.0,0.9999973773956299,1.0000022649765015,1.0000026226043701,0.0,0.0,0.0,0.0,0.6005396842956543,0.6103499531745911,1.6636719703674316,-0.07067587971687317,-1.635791301727295,0.09257031977176666,0.0,0.0,0.0,0.0,1.0000022649765015,1.0000026226043701,0.059999980032444,-0.0025489141698926687,-0.05995497107505798,0.0034494518768042326,0.0,0.0,0.0,0.0,0.0,0.0,0.5999999642372131,0.9987263083457947,0.0
1.4111965894699097,5.97434663772583,57.295799255371094,0.5999998450279236,-0.6093766093254089,-0.025489110499620438,0.03448495268821716,1.0000022649765015,1.0000026226043701,0.0,1.0,0.6108194589614868,-0.5937484502792358,1.7881393032936899e-09,0.0,0.0,0.9999973773956299,1.0000022649765015,1.0000026226043701,0.0,0.0,0.0,0.0,0.6005396842956543,0.6103499531745911,1.6636719703674316,-0.07067587971687317,-1.635791301727295,0.09257031977176666,0.0,0.0,0.0,0.0,1.0000022649765015,1.0000026226043701,0.059999980032444,-0.0025489141698926687,-0.05995497107505798,0.0034494518768042326,0.0,0.0,0.0,0.0,0.0,0.0,0.5999999642372131,0.9987263083457947,0.0
1.4153965711593628,5.97434663772583,57.295799255371094,0.5999998450279236,-0.6093766093254089,-0.025489110499620438,0.03448495268821716,1.0000022649765015,1.0000026226043701,0.0,1.0,0.6108194589614868,-0.5937484502792358,1.7881393032936899e-09,0.0,0.0,0.9999973773956299,1.0000022649765015,1.0000026226043701,0.0,0.0,0.0,0.0,0.6005396842956543,0.6103499531745911,1.6636719703674316,-0.07067587971687317,-1.635791301727295,0.09257031977176666,0.0,0.0,0.0,0.0,1.0000022649765015,1.0000026226043701,0.059999980032444,-0.0025489141698926687,-0.05995497107505798,0.0034494518768042326,0.0,0.0,0.0,0.0,0.0,0.0,0.5999999642372131,0.9987263083457947,0.0
1.419596552848816,5.97434663772583,57.295799255371094,0.5999998450279236,-0.6093766093254089,-0.025489110499620438,0.03448495268821716,1.0000022649765015,1.0000026226043701,0.0,1.0,0.6108194589614868,-0.5937484502792358,1.7881393032936899e-09,0.0,0.0,0.9999973773956299,1.0000022649765015,1.0000026226043701,0.0,0.0,0.0,0.0,0.6005396842956543,0.6103499531745911,1.6636719703674316,-0.07067587971687317,-1.635791301727295,0.09257031977176666,0.0,0.0,0.0,0.0,1.0000022649765015,1.0000026226043701,0.059999980032444,-0.0025489141698926687,-0.05995497107505798,0.0034494518768042326,0.0,0.0,0.0,0.0,0.0,0.0,0.5999999642372131,0.9987263083457947,0.0
1.423796534538269,5.97434663772583,57.295799255371094,0.5999998450279236,-0.6093766093254089,-0.025489110499620438,0.03448495268821716,1.0000022649765015,1.0000026226043701,0.0,1.0,0.6108194589614868,-0.5937484502792358,1.7881393032936899e-09,0.0,0.0,0.9999973773956299,1.0000022649765015,1.0000026226043701,0.0,0.0,0.0,0.0,0.6005396842956543,0.6103499531745911,1.6636719703674316,-0.07067587971687317,-1.635791301727295,0.09257031977176666,0.0,0.0,0.0,0.0,1.0000022649765015,1.0000026226043701,0.059999980032444,-0.0025489141698926687,-0.05995497107505798,0.0034494518768042326,0.0,0.0,0.0,0.0,0.0,0.0,0.5999999642372131,0.9987263083457947,0.0
1.4279965162277222,5.97434663772583,57.295799255371094,0.5999998450279236,-0.6093766093254089,-0.025489110499620438,0.03448495268821716,1.0000022649765015,1.0000026226043701,0.0,1.0,0.6108194589614868,-0.5937484502792358,1.7881393032936899e-09,0.0,0.0,0.9999973773956299,1.0000022649765015,1.0000026226043701,0.0,0.0,0.0,0.0,0.6005396842956543,0.6103499531745911,1.6636719703674316,-0.07067587971687317,-1.635791301727295,0.09257031977176666,0.0,0.0,0.0,0.0,1.0000022649765015,1.0000026226043701,0.059999980032444,-0.0025489141698926687,-0.05995497107505798,0.0034494518768042326,0.0,0.0,0.0,0.0,0.0,0.0,0.5999999642372131,0.9987263083457947,0.0
1.4321964979171753,5.97434663772583,57.295799255371094,0.5999998450279236,-0.6093766093254089,-0.025489110499620438,0.03448495268821716,1.0000022649765015,1.0000026226043701,0.0,1.0,0.6108194589614868,-0.5937484502792358,1.7881393032936899e-09,0.0,0.0,0.9999973773956299,1.0000022649765015,1.0000026226043701,0.0,0.0,0.0,0.0,0.6005396842956543,0.6103499531745911,1.6636719703674316,-0.07067587971687317,-1.635791301727295,0.09257031977176666,0.0,0.0,0.0,0.0,1.0000022649765015,1.0000026226043701,0.059999980032444,-0.0025489141698926687,-0.05995497107505798,0.0034494518768042326,0.0,0.0,0.0,0.0,0.0,0.0,0.5999999642372131,0.9987263083457947,0.0
1.4363964796066284,5.97434663772583,57.295799255371094,0.5999998450279236,-0.6093766093254089,-0.025489110499620438,0.03448495268821716,1.0000022649765015,1.0000026226043701,0.0,1.0,0.6108194589614868,-0.5937484502792358,1.7881393032936899e-09,0.0,0.0,0.9999973773956299,1.0000022649765015,1.0000026226043701,0.0,0.0,0.0,0.0,0.6005396842956543,0.6103499531745911,1.6636719703674316,-0.07067587971687317,-1.635791301727295,0.09257031977176666,0.0,0.0,0.0,0.0,1.0000022649765015,1.0000026226043701,0.059999980032444,-0.0025489141698926687,-0.05995497107505798,0.0034494518768042326,0.0,0.0,0.0,0.0,0.0,0.0,0.5999999642372131,0.9987263083457947,0.0
1.4405964612960815,5.97434663772583,57.295799255371094,0.5999998450279236,-0.6093766093254089,-0.025489110499620438,0.03448495268821716,1.0000022649765015,1.0000026226043701,0.0,1.0,0.6108194589614868,-0.5937484502792358,1.7881393032936899e-09,0.0,0.0,0.9999973773956299,1.0000022649765015,1.0000026226043701,0.0,0.0,0.0,0.0,0.6005396842956543,0.6103499531745911,1.6636719703674316,-0.07067587971687317,-1.635791301727295,0.09257031977176666,0.0,0.0,0.0,0.0,1.0000022649765015,1.0000026226043701,0.059999980032444,-0.0025489141698926687,-0.05995497107505798,0.0034494518768042326,0.0,0.0,0.0,0.0,0.0,0.0,0.5999999642372131,0.9987263083457947,0.0
1.4447964429855347,5.97434663772583,57.295799255371094,0.5999998450279236,-0.6093766093254089,-0.025489110499620438,0.03448495268821716,1.0000022649765015,1.0000026226043701,0.0,1.0,0.6108194589614868,-0.5937484502792358,1.7881393032936899e-09,0.0,0.0,0.9999973773956299,1.0000022649765015,1.0000026226043701,0.0,0.0,0.0,0.0,0.6005396842956543,0.6103499531745911,1.6636719703674316,-0.07067587971687317,-1.635791301727295,0.09257031977176666,0.0,0.0,0.0,0.0,1.0000022649765015,1.0000026226043701,0.059999980032444,-0.0025489141698926687,-0.05995497107505798,0.0034494518768042326,0.0,0.0,0.0,0.0,0.0,0.0,0.5999999642372131,0.9987263083457947,0.0
1.4489964246749878,5.97434663772583,57.295799255371094,0.5999998450279236,-0.6093766093254089,-0.025489110499620438,0.03448495268821716,1.0000022649765015,1.0000026226043701,0.0,1.0,0.6108194589614868,-0.5937484502792358,1.7881393032936899e-09,0.0,0.0,0.9999973773956299,1.0000022649765015,1.0000026226043701,0.0,0.0,0.0,0.0,0.6005396842956543,0.6103499531745911,1.6636719703674316,-0.07067587971687317,-1.635791301727295,0.09257031977176666,0.0,0.0,0.0,0.0,1.0000022649765015,1.0000026226043701,0.059999980032444,-0.0025489141698926687,-0.05995497107505798,0.0034494518768042326,0.0,0.0,0.0,0.0,0.0,0.0,0.5999999642372131,0.9987263083457947,0.0
1.453196406364441,5.97434663772583,57.295799255371094,0.5999998450279236,-0.6093766093254089,-0.025489110499620438,0.03448495268821716,1.0000022649765015,1.0000026226043701,0.0,1.0,0.6108194589614868,-0.5937484502792358,1.7881393032936899e-09,0.0,0.0,0.9999973773956299,1.0000022649765015,1.0000026226043701,0.0,0.0,0.0,0.0,0.6005396842956543,0.6103499531745911,1.6636719703674316,-0.07067587971687317,-1.635791301727295,0.09257031977176666,0.0,0.0,0.0,0.0,1.0000022649765015,1.0000026226043701,0.059999980032444,-0.0025489141698926687,-0.05995497107505798,0.0034494518768042326,0.0,0.0,0.0,0.0,0.0,0.0,0.5999999642372131,0.9987263083457947,0.0
1.457396388053894,5.97434663772583,57.295799255371094,0.5999998450279236,-0.6093766093254089,-0.025489110499620438,0.03448495268821716,1.0000022649765015,1.0000026226043701,0.0,1.0,0.6108194589614868,-0.5937484502792358,1.7881393032936899e-09,0.0,0.0,0.9999973773956299,1.0000022649765015,1.0000026226043701,0.0,0.0,0.0,0.0,0.6005396842956543,0.6103499531745911,1.6636719703674316,-0.07067587971687317,-1.635791301727295,0.09257031977176666,0.0,0.0,0.0,0.0,1.0000022649765015,1.0000026226043701,0.059999980032444,-0.0025489141698926687,-0.05995497107505798,0.0034494518768042326,0.0,0.0,0.0,0.0,0.0,0.0,0.5999999642372131,0.9987263083457947,0.0
1.4615963697433472,5.97434663772583,57.295799255371094,0.5999998450279236,-0.6093766093254089,-0.025489110499620438,0.03448495268821716,1.0000022649765015,1.0000026226043701,0.0,1.0,0.6108194589614868,-0.5937484502792358,1.7881393032936899e-09,0.0,0.0,0.9999973773956299,1.0000022649765015,1.0000026226043701,0.0,0.0,0.0,0.0,0.6005396842956543,0.6103499531745911,1.6636719703674316,-0.07067587971687317,-1.635791301727295,0.09257031977176666,0.0,0.0,0.0,0.0,1.0000022649765015,1.0000026226043701,0.059999980032444,-0.0025489141698926687,-0.05995497107505798,0.0034494518768042326,0.0,0.0,0.0,0.0,0.0,0.0,0.5999999642372131,0.9987263083457947,0.0
1.4657963514328003,5.97434663772583,57.295799255371094,0.5999998450279236,-0.6093766093254089,-0.025489110499620438,0.03448495268821716,1.0000022649765015,1.0000026226043701,0.0,1.0,0.6108194589614868,-0.5937484502792358,1.7881393032936899e-09,0.0,0.0,0.9999973773956299,1.0000022649765015,1.0000026226043701,0.0,0.0,0.0,0.0,0.6005396842956543,0.6103499531745911,1.6636719703674316,-0.07067587971687317,-1.635791301727295,0.09257031977176666,0.0,0.0,0.0,0.0,1.0000022649765015,1.0000026226043701,0.059999980032444,-0.0025489141698926687,-0.05995497107505798,0.0034494518768042326,0.0,0.0,0.0,0.0,0.0,0.0,0.5999999642372131,0.9987263083457947,0.0
1.4699963331222534,5.97434663772583,57.295799255371094,0.5999998450279236,-0.6093766093254089,-0.025489110499620438,0.03448495268821716,1.0000022649765015,1.0000026226043701,0.0,1.0,0.6108194589614868,-0.5937484502792358,1.7881393032936899e-09,0.0,0.0,0.9999973773956299,1.0000022649765015,1.0000026226043701,0.0,0.0,0.0,0.0,0.6005396842956543,0.6103499531745911,1.6636719703674316,-0.07067587971687317,-1.635791301727295,0.09257031977176666,0.0,0.0,0.0,0.0,1.0000022649765015,1.0000026226043701,0.059999980032444,-0.0025489141698926687,-0.05995497107505798,0.0034494518768042326,0.0,0.0,0.0,0.0,0.0,0.0,0.5999999642372131,0.9987263083457947,0.0
1.4741963148117065,5.97434663772583,57.295799255371094,0.5999998450279236,-0.6093766093254089,-0.025489110499620438,0.03448495268821716,1.0000022649765015,1.0000026226043701,0.0,1.0,0.6108194589614868,-0.5937484502792358,1.7881393032936899e-09,0.0,0.0,0.9999973773956299,1.0000022649765015,1.0000026226043701,0.0,0.0,0.0,0.0,0.6005396842956543,0.6103499531745911,1.6636719703674316,-0.07067587971687317,-1.635791301727295,0.09257031977176666,0.0,0.0,0.0,0.0,1.0000022649765015,1.0000026226043701,0.059999980032444,-0.0025489141698926687,-0.05995497107505798,0.0034494518768042326,0.0,0.0,0.0,0.0,0.0,0.0,0.5999999642372131,0.9987263083457947,0.0
1.4783962965011597,5.97434663772583,57.295799255371094,0.5999998450279236,-0.6093766093254089,-0.025489110499620438,0.03448495268821716,1.0000022649765015,1.0000026226043701,0.0,1.0,0.6108194589614868,-0.5937484502792358,1.7881393032936899e-09,0.0,0.0,0.9999973773956299,1.0000022649765015,1.0000026226043701,0.0,0.0,0.0,0.0,0.6005396842956543,0.6103499531745911,1.6636719703674316,-0.07067587971687317,-1.635791301727295,0.09257031977176666,0.0,0.0,0.0,0.0,1.0000022649765015,1.0000026226043701,0.059999980032444,-0.0025489141698926687,-0.05995497107505798,0.0034494518768042326,0.0,0.0,0.0,0.0,0.0,0.0,0.5999999642372131,0.9987263083457947,0.0
1.4825962781906128,5.97434663772583,57.295799255371094,0.5999998450279236,-0.6093766093254089,-0.025489110499620438,0.03448495268821716,1.0000022649765015,1.0000026226043701,0.0,1.0,0.6108194589614868,-0.5937484502792358,1.7881393032936899e-09,0.0,0.0,0.9999973773956299,1.0000022649765015,1.0000026226043701,0.0,0.0,0.0,0.0,0.6005396842956543,0.6103499531745911,1.6636719703674316,-0.07067587971687317,-1.635791301727295,0.09257031977176666,0.0,0.0,0.0,0.0,1.0000022649765015,1.0000026226043701,0.059999980032444,-0.0025489141698926687,-0.05995497107505798,0.0034494518768042326,0.0,0.0,0.0,0.0,0.0,0.0,0.5999999642372131,0.9987263083457947,0.0
1.486796259880066,5.97434663772583,57.295799255371094,0.5999998450279236,-0.6093766093254089,-0.025489110499620438,0.03448495268821716,1.0000022649765015,1.0000026226043701,0.0,1.0,0.6108194589614868,-0.5937484502792358,1.7881393032936899e-09,0.0,0.0,0.9999973773956299,1.0000022649765015,1.0000026226043701,0.0,0.0,0.0,0.0,0.6005396842956543,0.6103499531745911,1.6636719703674316,-0.07067587971687317,-1.635791301727295,0.09257031977176666,0.0,0.0,0.0,0.0,1.0000022649765015,1.0000026226043701,0.059999980032444,-0.0025489141698926687,-0.05995497107505798,0.0034494518768042326,0.0,0.0,0.0,0.0,0.0,0.0,0.5999999642372131,0.9987263083457947,0.0
1.490996241569519,5.97434663772583,57.295799255371094,0.5999998450279236,-0.6093766093254089,-0.025489110499620438,0.03448495268821716,1.0000022649765015,1.0000026226043701,0.0,1.0,0.6108194589614868,-0.5937484502792358,1.7881393032936899e-09,0.0,0.0,0.9999973773956299,1.0000022649765015,1.0000026226043701,0.0,0.0,0.0,0.0,0.6005396842956543,0.6103499531745911,1.6636719703674316,-0.07067587971687317,-1.635791301727295,0.09257031977176666,0.0,0.0,0.0,0.0,1.0000022649765015,1.0000026226043701,0.059999980032444,-0.0025489141698926687,-0.05995497107505798,0.0034494518768042326,0.0,0.0,0.0,0.0,0.0,0.0,0.5999999642372131,0.9987263083457947,0.0
1.4951962232589722,5.97434663772583,57.295799255371094,0.5999998450279236,-0.6093766093254089,-0.025489110499620438,0.03448495268821716,1.0000022649765015,1.0000026226043701,0.0,1.0,0.6108194589614868,-0.5937484502792358,1.7881393032936899e-09,0.0,0.0,0.9999973773956299,1.0000022649765015,1.0000026226043701,0.0,0.0,0.0,0.0,0.6005396842956543,0.6103499531745911,1.6636719703674316,-0.07067587971687317,-1.635791301727295,0.09257031977176666,0.0,0.0,0.0,0.0,1.0000022649765015,1.0000026226043701,0.059999980032444,-0.0025489141698926687,-0.05995497107505798,0.0034494518768042326,0.0,0.0,0.0,0.0,0.0,0.0,0.5999999642372131,0.9987263083457947,0.0
1.4993962049484253,5.97434663772583,57.295799255371094,0.5999998450279236,-0.6093766093254089,-0.025489110499620438,0.03448495268821716,1.0000022649765015,1.0000026226043701,0.0,1.0,0.6108194589614868,-0.5937484502792358,1.7881393032936899e-09,0.0,0.0,0.9999973773956299,1.0000022649765015,1.0000026226043701,0.0,0.0,0.0,0.0,0.6005396842956543,0.6103499531745911,1.6636719703674316,-0.07067587971687317,-1.635791301727295,0.09257031977176666,0.0,0.0,0.0,0.0,1.0000022649765015,1.0000026226043701,0.059999980032444,-0.0025489141698926687,-0.05995497107505798,0.0034494518768042326,0.0,0.0,0.0,0.0,0.0,0.0,0.5999999642372131,0.9987263083457947,0.0
1.5035961866378784,5.97434663772583,57.295799255371094,0.5999998450279236,-0.6093766093254089,-0.025489110499620438,0.03448495268821716,1.0000022649765015,1.0000026226043701,0.0,1.0,0.6108194589614868,-0.5937484502792358,1.7881393032936899e-09,0.0,0.0,0.9999973773956299,1.0000022649765015,1.0000026226043701,0.0,0.0,0.0,0.0,0.6005396842956543,0.6103499531745911,1.6636719703674316,-0.07067587971687317,-1.635791301727295,0.09257031977176666,0.0,0.0,0.0,0.0,1.0000022649765015,1.0000026226043701,0.059999980032444,-0.0025489141698926687,-0.05995497107505798,0.0034494518768042326,0.0,0.0,0.0,0.0,0.0,0.0,0.5999999642372131,0.9987263083457947,0.0
1.5077961683273315,5.97434663772583,57.295799255371094,0.5999998450279236,-0.6093766093254089,-0.025489110499620438,0.03448495268821716,1.0000022649765015,1.0000026226043701,0.0,1.0,0.6108194589614868,-0.5937484502792358,1.7881393032936899e-09,0.0,0.0,0.9999973773956299,1.0000022649765015,1.0000026226043701,0.0,0.0,0.0,0.0,0.6005396842956543,0.6103499531745911,1.6636719703674316,-0.07067587971687317,-1.635791301727295,0.09257031977176666,0.0,0.0,0.0,0.0,1.0000022649765015,1.0000026226043701,0.059999980032444,-0.0025489141698926687,-0.05995497107505798,0.0034494518768042326,0.0,0.0,0.0,0.0,0.0,0.0,0.5999999642372131,0.9987263083457947,0.0
1.5119961500167847,5.97434663772583,57.295799255371094,0.5999998450279236,-0.6093766093254089,-0.025489110499620438,0.03448495268821716,1.0000022649765015,1.0000026226043701,0.0,1.0,0.6108194589614868,-0.5937484502792358,1.7881393032936899e-09,0.0,0.0,0.9999973773956299,1.0000022649765015,1.0000026226043701,0.0,0.0,0.0,0.0,0.6005396842956543,0.6103499531745911,1.6636719703674316,-0.07067587971687317,-1.635791301727295,0.09257031977176666,0.0,0.0,0.0,0.0,1.0000022649765015,1.0000026226043701,0.059999980032444,-0.0025489141698926687,-0.05995497107505798,0.0034494518768042326,0.0,0.0,0.0,0.0,0.0,0.0,0.5999999642372131,0.9987263083457947,0.0
1.5161961317062378,5.97434663772583,57.295799255371094,0.5999998450279236,-0.6093766093254089,-0.025489110499620438,0.03448495268821716,1.0000022649765015,1.0000026226043701,0.0,1.0,0.6108194589614868,-0.5937484502792358,1.7881393032936899e-09,0.0,0.0,0.9999973773956299,1.0000022649765015,1.0000026226043701,0.0,0.0,0.0,0.0,0.6005396842956543,0.6103499531745911,1.6636719703674316,-0.07067587971687317,-1.635791301727295,0.09257031977176666,0.0,0.0,0.0,0.0,1.0000022649765015,1.0000026226043701,0.059999980032444,-0.0025489141698926687,-0.05995497107505798,0.0034494518768042326,0.0,0.0,0.0,0.0,0.0,0.0,0.5999999642372131,0.9987263083457947,0.0
1.520396113395691,5.97434663772583,57.295799255371094,0.5999998450279236,-0.6093766093254089,-0.025489110499620438,0.03448495268821716,1.0000022649765015,1.0000026226043701,0.0,1.0,0.6108194589614868,-0.5937484502792358,1.7881393032936899e-09,0.0,0.0,0.9999973773956299,1.0000022649765015,1.0000026226043701,0.0,0.0,0.0,0.0,0.6005396842956543,0.6103499531745911,1.6636719703674316,-0.07067587971687317,-1.635791301727295,0.09257031977176666,0.0,0.0,0.0,0.0,1.0000022649765015,1.0000026226043701,0.059999980032444,-0.0025489141698926687,-0.05995497107505798,0.0034494518768042326,0.0,0.0,0.0,0.0,0.0,0.0,0.5999999642372131,0.9987263083457947,0.0
1.524596095085144,5.97434663772583,57.295799255371094,0.5999998450279236,-0.6093766093254089,-0.025489110499620438,0.03448495268821716,1.0000022649765015,1.0000026226043701,0.0,1.0,0.6108194589614868,-0.5937484502792358,1.7881393032936899e-09,0.0,0.0,0.9999973773956299,1.0000022649765015,1.0000026226043701,0.0,0.0,0.0,0.0,0.6005396842956543,0.6103499531745911,1.6636719703674316,-0.07067587971687317,-1.635791301727295,0.09257031977176666,0.0,0.0,0.0,0.0,1.0000022649765015,1.0000026226043701,0.059999980032444,-0.0025489141698926687,-0.05995497107505798,0.0034494518768042326,0.0,0.0,0.0,0.0,0.0,0.0,0.5999999642372131,0.9987263083457947,0.0
1.5287960767745972,5.97434663772583,57.295799255371094,0.5999998450279236,-0.6093766093254089,-0.025489110499620438,0.03448495268821716,1.0000022649765015,1.0000026226043701,0.0,1.0,0.6108194589614868,-0.5937484502792358,1.7881393032936899e-09,0.0,0.0,0.9999973773956299,1.0000022649765015,1.0000026226043701,0.0,0.0,0.0,0.0,0.6005396842956543,0.6103499531745911,1.6636719703674316,-0.07067587971687317,-1.635791301727295,0.09257031977176666,0.0,0.0,0.0,0.0,1.0000022649765015,1.0000026226043701,0.059999980032444,-0.0025489141698926687,-0.05995497107505798,0.0034494518768042326,0.0,0.0,0.0,0.0,0.0,0.0,0.5999999642372131,0.9987263083457947,0.0
1.5329960584640503,5.97434663772583,57.295799255371094,0.5999998450279236,-0.6093766093254089,-0.025489110499620438,0.03448495268821716,1.0000022649765015,1.0000026226043701,0.0,1.0,0.6108194589614868,-0.5937484502792358,1.7881393032936899e-09,0.0,0.0,0.9999973773956299,1.0000022649765015,1.0000026226043701,0.0,0.0,0.0,0.0,0.6005396842956543,0.6103499531745911,1.6636719703674316,-0.07067587971687317,-1.635791301727295,0.09257031977176666,0.0,0.0,0.0,0.0,1.0000022649765015,1.0000026226043701,0.059999980032444,-0.0025489141698926687,-0.05995497107505798,0.0034494518768042326,0.0,0.0,0.0,0.0,0.0,0.0,0.5999999642372131,0.9987263083457947,0.0
1.5371960401535034,5.97434663772583,57.295799255371094,0.5999998450279236,-0.6093766093254089,-0.025489110499620438,0.03448495268821716,1.0000022649765015,1.0000026226043701,0.0,1.0,0.6108194589614868,-0.5937484502792358,1.7881393032936899e-09,0.0,0.0,0.9999973773956299,1.0000022649765015,1.0000026226043701,0.0,0.0,0.0,0.0,0.6005396842956543,0.6103499531745911,1.6636719703674316,-0.07067587971687317,-1.635791301727295,0.09257031977176666,0.0,0.0,0.0,0.0,1.0000022649765015,1.0000026226043701,0.059999980032444,-0.0025489141698926687,-0.05995497107505798,0.0034494518768042326,0.0,0.0,0.0,0.0,0.0,0.0,0.5999999642372131,0.9987263083457947,0.0
1.5413960218429565,5.97434663772583,57.295799255371094,0.5999998450279236,-0.6093766093254089,-0.025489110499620438,0.03448495268821716,1.0000022649765015,1.0000026226043701,0.0,1.0,0.6108194589614868,-0.5937484502792358,1.7881393032936899e-09,0.0,0.0,0.9999973773956299,1.0000022649765015,1.0000026226043701,0.0,0.0,0.0,0.0,0.6005396842956543,0.6103499531745911,1.6636719703674316,-0.07067587971687317,-1.635791301727295,0.09257031977176666,0.0,0.0,0.0,0.0,1.0000022649765015,1.0000026226043701,0.059999980032444,-0.0025489141698926687,-0.05995497107505798,0.0034494518768042326,0.0,0.0,0.0,0.0,0.0,0.0,0.5999999642372131,0.9987263083457947,0.0
1.5455960035324097,5.97434663772583,57.295799255371094,0.5999998450279236,-0.6093766093254089,-0.025489110499620438,0.03448495268821716,1.0000022649765015,1.0000026226043701,0.0,1.0,0.6108194589614868,-0.5937484502792358,1.7881393032936899e-09,0.0,0.0,0.9999973773956299,1.0000022649765015,1.0000026226043701,0.0,0.0,0.0,0.0,0.6005396842956543,0.6103499531745911,1.6636719703674316,-0.07067587971687317,-1.635791301727295,0.09257031977176666,0.0,0.0,0.0,0.0,1.0000022649765015,1.0000026226043701,0.059999980032444,-0.0025489141698926687,-0.05995497107505798,0.0034494518768042326,0.0,0.0,0.0,0.0,0.0,0.0,0.5999999642372131,0.9987263083457947,0.0
1.5497959852218628,5.97434663772583,57.295799255371094,0.5999998450279236,-0.6093766093254089,-0.025489110499620438,0.03448495268821716,1.0000022649765015,1.0000026226043701,0.0,1.0,0.6108194589614868,-0.5937484502792358,1.7881393032936899e-09,0.0,0.0,0.9999973773956299,1.0000022649765015,1.0000026226043701,0.0,0.0,0.0,0.0,0.6005396842956543,0.6103499531745911,1.6636719703674316,-0.07067587971687317,-1.635791301727295,0.09257031977176666,0.0,0.0,0.0,0.0,1.0000022649765015,1.0000026226043701,0.059999980032444,-0.0025489141698926687,-0.05995497107505798,0.0034494518768042326,0.0,0.0,0.0,0.0,0.0,0.0,0.5999999642372131,0.9987263083457947,0.0
1.553995966911316,5.97434663772583,57.295799255371094,0.5999998450279236,-0.6093766093254089,-0.025489110499620438,0.03448495268821716,1.0000022649765015,1.0000026226043701,0.0,1.0,0.6108194589614868,-0.5937484502792358,1.7881393032936899e-09,0.0,0.0,0.9999973773956299,1.0000022649765015,1.0000026226043701,0.0,0.0,0.0,0.0,0.6005396842956543,0.6103499531745911,1.6636719703674316,-0.07067587971687317,-1.635791301727295,0.09257031977176666,0.0,0.0,0.0,0.0,1.0000022649765015,1.0000026226043701,0.059999980032444,-0.0025489141698926687,-0.05995497107505798,0.0034494518768042326,0.0,0.0,0.0,0.0,0.0,0.0,0.5999999642372131,0.9987263083457947,0.0
1.558195948600769,5.97434663772583,57.295799255371094,0.5999998450279236,-0.6093766093254089,-0.025489110499620438,0.03448495268821716,1.0000022649765015,1.0000026226043701,0.0,1.0,0.6108194589614868,-0.5937484502792358,1.7881393032936899e-09,0.0,0.0,0.9999973773956299,1.0000022649765015,1.0000026226043701,0.0,0.0,0.0,0.0,0.6005396842956543,0.6103499531745911,1.6636719703674316,-0.07067587971687317,-1.635791301727295,0.09257031977176666,0.0,0.0,0.0,0.0,1.0000022649765015,1.0000026226043701,0.059999980032444,-0.0025489141698926687,-0.05995497107505798,0.0034494518768042326,0.0,0.0,0.0,0.0,0.0,0.0,0.5999999642372131,0.9987263083457947,0.0
1.5623959302902222,5.97434663772583,57.295799255371094,0.5999998450279236,-0.6093766093254089,-0.025489110499620438,0.03448495268821716,1.0000022649765015,1.0000026226043701,0.0,1.0,0.6108194589614868,-0.5937484502792358,1.7881393032936899e-09,0.0,0.0,0.9999973773956299,1.0000022649765015,1.0000026226043701,0.0,0.0,0.0,0.0,0.6005396842956543,0.6103499531745911,1.6636719703674316,-0.07067587971687317,-1.635791301727295,0.09257031977176666,0.0,0.0,0.0,0.0,1.0000022649765015,1.0000026226043701,0.059999980032444,-0.0025489141698926687,-0.05995497107505798,0.0034494518768042326,0.0,0.0,0.0,0.0,0.0,0.0,0.5999999642372131,0.9987263083457947,0.0
1.5665959119796753,5.97434663772583,57.295799255371094,0.5999998450279236,-0.6093766093254089,-0.025489110499620438,0.03448495268821716,1.0000022649765015,1.0000026226043701,0.0,1.0,0.6108194589614868,-0.5937484502792358,1.7881393032936899e-09,0.0,0.0,0.9999973773956299,1.0000022649765015,1.0000026226043701,0.0,0.0,0.0,0.0,0.6005396842956543,0.6103499531745911,1.6636719703674316,-0.07067587971687317,-1.635791301727295,0.09257031977176666,0.0,0.0,0.0,0.0,1.0000022649765015,1.0000026226043701,0.059999980032444,-0.0025489141698926687,-0.05995497107505798,0.0034494518768042326,0.0,0.0,0.0,0.0,0.0,0.0,0.5999999642372131,0.9987263083457947,0.0
1.5707958936691284,5.97434663772583,57.295799255371094,0.5999998450279236,-0.6093766093254089,-0.025489110499620438,0.03448495268821716,1.0000022649765015,1.0000026226043701,0.0,1.0,0.6108194589614868,-0.5937484502792358,1.7881393032936899e-09,0.0,0.0,0.9999973773956299,1.0000022649765015,1.0000026226043701,0.0,0.0,0.0,0.0,0.6005396842956543,0.6103499531745911,1.6636719703674316,-0.07067587971687317,-1.635791301727295,0.09257031977176666,0.0,0.0,0.0,0.0,1.0000022649765015,1.0000026226043701,0.059999980032444,-0.0025489141698926687,-0.05995497107505798,0.0034494518768042326,0.0,0.0,0.0,0.0,0.0,0.0,0.5999999642372131,0.9987263083457947,0.0
1.5749958753585815,5.97434663772583,57.295799255371094,0.5999998450279236,-0.6093766093254089,-0.025489110499620438,0.03448495268821716,1.0000022649765015,1.0000026226043701,0.0,1.0,0.6108194589614868,-0.5937484502792358,1.7881393032936899e-09,0.0,0.0,0.9999973773956299,1.0000022649765015,1.0000026226043701,0.0,0.0,0.0,0.0,0.6005396842956543,0.6103499531745911,1.6636719703674316,-0.07067587971687317,-1.635791301727295,0.09257031977176666,0.0,0.0,0.0,0.0,1.0000022649765015,1.0000026226043701,0.059999980032444,-0.0025489141698926687,-0.05995497107505798,0.0034494518768042326,0.0,0.0,0.0,0.0,0.0,0.0,0.5999999642372131,0.9987263083457947,0.0
1.5791958570480347,5.97434663772583,57.295799255371094,0.5999998450279236,-0.6093766093254089,-0.025489110499620438,0.03448495268821716,1.0000022649765015,1.0000026226043701,0.0,1.0,0.6108194589614868,-0.5937484502792358,1.7881393032936899e-09,0.0,0.0,0.9999973773956299,1.0000022649765015,1.0000026226043701,0.0,0.0,0.0,0.0,0.6005396842956543,0.6103499531745911,1.6636719703674316,-0.07067587971687317,-1.635791301727295,0.09257031977176666,0.0,0.0,0.0,0.0,1.0000022649765015,1.0000026226043701,0.059999980032444,-0.0025489141698926687,-0.05995497107505798,0.0034494518768042326,0.0,0.0,0.0,0.0,0.0,0.0,0.5999999642372131,0.9987263083457947,0.0
1.5833958387374878,5.97434663772583,57.295799255371094,0.5999998450279236,-0.6093766093254089,-0.025489110499620438,0.03448495268821716,1.0000022649765015,1.0000026226043701,0.0,1.0,0.6108194589614868,-0.5937484502792358,1.7881393032936899e-09,0.0,0.0,0.9999973773956299,1.0000022649765015,1.0000026226043701,0.0,0.0,0.0,0.0,0.6005396842956543,0.6103499531745911,1.6636719703674316,-0.07067587971687317,-1.635791301727295,0.09257031977176666,0.0,0.0,0.0,0.0,1.0000022649765015,1.0000026226043701,0.059999980032444,-0.0025489141698926687,-0.05995497107505798,0.0034494518768042326,0.0,0.0,0.0,0.0,0.0,0.0,0.5999999642372131,0.9987263083457947,0.0
1.587595820426941,5.97434663772583,57.295799255371094,0.5999998450279236,-0.6093766093254089,-0.025489110499620438,0.03448495268821716,1.0000022649765015,1.0000026226043701,0.0,1.0,0.6108194589614868,-0.5937484502792358,1.7881393032936899e-09,0.0,0.0,0.9999973773956299,1.0000022649765015,1.0000026226043701,0.0,0.0,0.0,0.0,0.6005396842956543,0.6103499531745911,1.6636719703674316,-0.07067587971687317,-1.635791301727295,0.09257031977176666,0.0,0.0,0.0,0.0,1.0000022649765015,1.0000026226043701,0.059999980032444,-0.0025489141698926687,-0.05995497107505798,0.0034494518768042326,0.0,0.0,0.0,0.0,0.0,0.0,0.5999999642372131,0.9987263083457947,0.0
1.591795802116394,5.97434663772583,57.295799255371094,0.5999998450279236,-0.6093766093254089,-0.025489110499620438,0.03448495268821716,1.0000022649765015,1.0000026226043701,0.0,1.0,0.6108194589614868,-0.5937484502792358,1.7881393032936899e-09,0.0,0.0,0.9999973773956299,1.0000022649765015,1.0000026226043701,0.0,0.0,0.0,0.0,0.6005396842956543,0.6103499531745911,1.6636719703674316,-0.07067587971687317,-1.635791301727295,0.09257031977176666,0.0,0.0,0.0,0.0,1.0000022649765015,1.0000026226043701,0.059999980032444,-0.0025489141698926687,-0.05995497107505798,0.0034494518768042326,0.0,0.0,0.0,0.0,0.0,0.0,0.5999999642372131,0.9987263083457947,0.0
1.5959957838058472,5.97434663772583,57.295799255371094,0.5999998450279236,-0.6093766093254089,-0.025489110499620438,0.03448495268821716,1.0000022649765015,1.0000026226043701,0.0,1.0,0.6108194589614868,-0.5937484502792358,1.7881393032936899e-09,0.0,0.0,0.9999973773956299,1.0000022649765015,1.0000026226043701,0.0,0.0,0.0,0.0,0.6005396842956543,0.6103499531745911,1.6636719703674316,-0.07067587971687317,-1.635791301727295,0.09257031977176666,0.0,0.0,0.0,0.0,1.0000022649765015,1.0000026226043701,0.059999980032444,-0.0025489141698926687,-0.05995497107505798,0.0034494518768042326,0.0,0.0,0.0,0.0,0.0,0.0,0.5999999642372131,0.9987263083457947,0.0
1.6001957654953003,5.97434663772583,57.295799255371094,0.5999998450279236,-0.6093766093254089,-0.025489110499620438,0.03448495268821716,1.0000022649765015,1.0000026226043701,0.0,1.0,0.6108194589614868,-0.5937484502792358,1.7881393032936899e-09,0.0,0.0,0.9999973773956299,1.0000022649765015,1.0000026226043701,0.0,0.0,0.0,0.0,0.6005396842956543,0.6103499531745911,1.6636719703674316,-0.07067587971687317,-1.635791301727295,0.09257031977176666,0.0,0.0,0.0,0.0,1.0000022649765015,1.0000026226043701,0.059999980032444,-0.0025489141698926687,-0.05995497107505798,0.0034494518768042326,0.0,0.0,0.0,0.0,0.0,0.0,0.5999999642372131,0.9987263083457947,0.0
1.6043957471847534,5.97434663772583,57.295799255371094,0.5999998450279236,-0.6093766093254089,-0.025489110499620438,0.03448495268821716,1.0000022649765015,1.0000026226043701,0.0,1.0,0.6108194589614868,-0.5937484502792358,1.7881393032936899e-09,0.0,0.0,0.9999973773956299,1.0000022649765015,1.0000026226043701,0.0,0.0,0.0,0.0,0.6005396842956543,0.6103499531745911,1.6636719703674316,-0.07067587971687317,-1.635791301727295,0.09257031977176666,0.0,0.0,0.0,0.0,1.0000022649765015,1.0000026226043701,0.059999980032444,-0.0025489141698926687,-0.05995497107505798,0.0034494518768042326,0.0,0.0,0.0,0.0,0.0,0.0,0.5999999642372131,0.9987263083457947,0.0
1.6085957288742065,5.97434663772583,57.295799255371094,0.5999998450279236,-0.6093766093254089,-0.025489110499620438,0.03448495268821716,1.0000022649765015,1.0000026226043701,0.0,1.0,0.6108194589614868,-0.5937484502792358,1.7881393032936899e-09,0.0,0.0,0.9999973773956299,1.0000022649765015,1.0000026226043701,0.0,0.0,0.0,0.0,0.6005396842956543,0.6103499531745911,1.6636719703674316,-0.07067587971687317,-1.635791301727295,0.09257031977176666,0.0,0.0,0.0,0.0,1.0000022649765015,1.0000026226043701,0.059999980032444,-0.0025489141698926687,-0.05995497107505798,0.0034494518768042326,0.0,0.0,0.0,0.0,0.0,0.0,0.5999999642372131,0.9987263083457947,0.0
1.6127957105636597,5.97434663772583,57.295799255371094,0.5999998450279236,-0.6093766093254089,-0.025489110499620438,0.03448495268821716,1.0000022649765015,1.0000026226043701,0.0,1.0,0.6108194589614868,-0.5937484502792358,1.7881393032936899e-09,0.0,0.0,0.9999973773956299,1.0000022649765015,1.0000026226043701,0.0,0.0,0.0,0.0,0.6005396842956543,0.6103499531745911,1.6636719703674316,-0.07067587971687317,-1.635791301727295,0.09257031977176666,0.0,0.0,0.0,0.0,1.0000022649765015,1.0000026226043701,0.059999980032444,-0.0025489141698926687,-0.05995497107505798,0.0034494518768042326,0.0,0.0,0.0,0.0,0.0,0.0,0.5999999642372131,0.9987263083457947,0.0
1.6169956922531128,5.97434663772583,57.295799255371094,0.5999998450279236,-0.6093766093254089,-0.025489110499620438,0.03448495268821716,1.0000022649765015,1.0000026226043701,0.0,1.0,0.6108194589614868,-0.5937484502792358,1.7881393032936899e-09,0.0,0.0,0.9999973773956299,1.0000022649765015,1.0000026226043701,0.0,0.0,0.0,0.0,0.6005396842956543,0.6103499531745911,1.6636719703674316,-0.07067587971687317,-1.635791301727295,0.09257031977176666,0.0,0.0,0.0,0.0,1.0000022649765015,1.0000026226043701,0.059999980032444,-0.0025489141698926687,-0.05995497107505798,0.0034494518768042326,0.0,0.0,0.0,0.0,0.0,0.0,0.5999999642372131,0.9987263083457947,0.0
1.621195673942566,5.97434663772583,57.295799255371094,0.5999998450279236,-0.6093766093254089,-0.025489110499620438,0.03448495268821716,1.0000022649765015,1.0000026226043701,0.0,1.0,0.6108194589614868,-0.5937484502792358,1.7881393032936899e-09,0.0,0.0,0.9999973773956299,1.0000022649765015,1.0000026226043701,0.0,0.0,0.0,0.0,0.6005396842956543,0.6103499531745911,1.6636719703674316,-0.07067587971687317,-1.635791301727295,0.09257031977176666,0.0,0.0,0.0,0.0,1.0000022649765015,1.0000026226043701,0.059999980032444,-0.0025489141698926687,-0.05995497107505798,0.0034494518768042326,0.0,0.0,0.0,0.0,0.0,0.0,0.5999999642372131,0.9987263083457947,0.0
1.625395655632019,5.97434663772583,57.295799255371094,0.5999998450279236,-0.6093766093254089,-0.025489110499620438,0.03448495268821716,1.0000022649765015,1.0000026226043701,0.0,1.0,0.6108194589614868,-0.5937484502792358,1.7881393032936899e-09,0.0,0.0,0.9999973773956299,1.0000022649765015,1.0000026226043701,0.0,0.0,0.0,0.0,0.6005396842956543,0.6103499531745911,1.6636719703674316,-0.07067587971687317,-1.635791301727295,0.09257031977176666,0.0,0.0,0.0,0.0,1.0000022649765015,1.0000026226043701,0.059999980032444,-0.0025489141698926687,-0.05995497107505798,0.0034494518768042326,0.0,0.0,0.0,0.0,0.0,0.0,0.5999999642372131,0.9987263083457947,0.0
1.6295956373214722,5.97434663772583,57.295799255371094,0.5999998450279236,-0.6093766093254089,-0.025489110499620438,0.03448495268821716,1.0000022649765015,1.0000026226043701,0.0,1.0,0.6108194589614868,-0.5937484502792358,1.7881393032936899e-09,0.0,0.0,0.9999973773956299,1.0000022649765015,1.0000026226043701,0.0,0.0,0.0,0.0,0.6005396842956543,0.6103499531745911,1.6636719703674316,-0.07067587971687317,-1.635791301727295,0.09257031977176666,0.0,0.0,0.0,0.0,1.0000022649765015,1.0000026226043701,0.059999980032444,-0.0025489141698926687,-0.05995497107505798,0.0034494518768042326,0.0,0.0,0.0,0.0,0.0,0.0,0.5999999642372131,0.9987263083457947,0.0
1.6337956190109253,5.97434663772583,57.295799255371094,0.5999998450279236,-0.6093766093254089,-0.025489110499620438,0.03448495268821716,1.0000022649765015,1.0000026226043701,0.0,1.0,0.6108194589614868,-0.5937484502792358,1.7881393032936899e-09,0.0,0.0,0.9999973773956299,1.0000022649765015,1.0000026226043701,0.0,0.0,0.0,0.0,0.6005396842956543,0.6103499531745911,1.6636719703674316,-0.07067587971687317,-1.635791301727295,0.09257031977176666,0.0,0.0,0.0,0.0,1.0000022649765015,1.0000026226043701,0.059999980032444,-0.0025489141698926687,-0.05995497107505798,0.0034494518768042326,0.0,0.0,0.0,0.0,0.0,0.0,0.5999999642372131,0.9987263083457947,0.0
1.6379956007003784,5.97434663772583,57.295799255371094,0.5999998450279236,-0.6093766093254089,-0.025489110499620438,0.03448495268821716,1.0000022649765015,1.0000026226043701,0.0,1.0,0.6108194589614868,-0.5937484502792358,1.7881393032936899e-09,0.0,0.0,0.9999973773956299,1.0000022649765015,1.0000026226043701,0.0,0.0,0.0,0.0,0.6005396842956543,0.6103499531745911,1.6636719703674316,-0.07067587971687317,-1.635791301727295,0.09257031977176666,0.0,0.0,0.0,0.0,1.0000022649765015,1.0000026226043701,0.059999980032444,-0.0025489141698926687,-0.05995497107505798,0.0034494518768042326,0.0,0.0,0.0,0.0,0.0,0.0,0.5999999642372131,0.9987263083457947,0.0
1.6421955823898315,5.97434663772583,57.295799255371094,0.5999998450279236,-0.6093766093254089,-0.025489110499620438,0.03448495268821716,1.0000022649765015,1.0000026226043701,0.0,1.0,0.6108194589614868,-0.5937484502792358,1.7881393032936899e-09,0.0,0.0,0.9999973773956299,1.0000022649765015,1.0000026226043701,0.0,0.0,0.0,0.0,0.6005396842956543,0.6103499531745911,1.6636719703674316,-0.07067587971687317,-1.635791301727295,0.09257031977176666,0.0,0.0,0.0,0.0,1.0000022649765015,1.0000026226043701,0.059999980032444,-0.0025489141698926687,-0.05995497107505798,0.0034494518768042326,0.0,0.0,0.0,0.0,0.0,0.0,0.5999999642372131,0.9987263083457947,0.0
1.6463955640792847,5.97434663772583,57.295799255371094,0.5999998450279236,-0.6093766093254089,-0.025489110499620438,0.03448495268821716,1.0000022649765015,1.0000026226043701,0.0,1.0,0.6108194589614868,-0.5937484502792358,1.7881393032936899e-09,0.0,0.0,0.9999973773956299,1.0000022649765015,1.0000026226043701,0.0,0.0,0.0,0.0,0.6005396842956543,0.6103499531745911,1.6636719703674316,-0.07067587971687317,-1.635791301727295,0.09257031977176666,0.0,0.0,0.0,0.0,1.0000022649765015,1.0000026226043701,0.059999980032444,-0.0025489141698926687,-0.05995497107505798,0.0034494518768042326,0.0,0.0,0.0,0.0,0.0,0.0,0.5999999642372131,0.9987263083457947,0.0
1.6505955457687378,5.97434663772583,57.295799255371094,0.5999998450279236,-0.6093766093254089,-0.025489110499620438,0.03448495268821716,1.0000022649765015,1.0000026226043701,0.0,1.0,0.6108194589614868,-0.5937484502792358,1.7881393032936899e-09,0.0,0.0,0.9999973773956299,1.0000022649765015,1.0000026226043701,0.0,0.0,0.0,0.0,0.6005396842956543,0.6103499531745911,1.6636719703674316,-0.07067587971687317,-1.635791301727295,0.09257031977176666,0.0,0.0,0.0,0.0,1.0000022649765015,1.0000026226043701,0.059999980032444,-0.0025489141698926687,-0.05995497107505798,0.0034494518768042326,0.0,0.0,0.0,0.0,0.0,0.0,0.5999999642372131,0.9987263083457947,0.0
1.654795527458191,5.97434663772583,57.295799255371094,0.5999998450279236,-0.6093766093254089,-0.025489110499620438,0.03448495268821716,1.0000022649765015,1.0000026226043701,0.0,1.0,0.6108194589614868,-0.5937484502792358,1.7881393032936899e-09,0.0,0.0,0.9999973773956299,1.0000022649765015,1.0000026226043701,0.0,0.0,0.0,0.0,0.6005396842956543,0.6103499531745911,1.6636719703674316,-0.07067587971687317,-1.635791301727295,0.09257031977176666,0.0,0.0,0.0,0.0,1.0000022649765015,1.0000026226043701,0.059999980032444,-0.0025489141698926687,-0.05995497107505798,0.0034494518768042326,0.0,0.0,0.0,0.0,0.0,0.0,0.5999999642372131,0.9987263083457947,0.0
1.658995509147644,5.97434663772583,57.295799255371094,0.5999998450279236,-0.6093766093254089,-0.025489110499620438,0.03448495268821716,1.0000022649765015,1.0000026226043701,0.0,1.0,0.6108194589614868,-0.5937484502792358,1.7881393032936899e-09,0.0,0.0,0.9999973773956299,1.0000022649765015,1.0000026226043701,0.0,0.0,0.0,0.0,0.6005396842956543,0.6103499531745911,1.6636719703674316,-0.07067587971687317,-1.635791301727295,0.09257031977176666,0.0,0.0,0.0,0.0,1.0000022649765015,1.0000026226043701,0.059999980032444,-0.0025489141698926687,-0.05995497107505798,0.0034494518768042326,0.0,0.0,0.0,0.0,0.0,0.0,0.5999999642372131,0.9987263083457947,0.0
1.6631954908370972,5.97434663772583,57.295799255371094,0.5999998450279236,-0.6093766093254089,-0.025489110499620438,0.03448495268821716,1.0000022649765015,1.0000026226043701,0.0,1.0,0.6108194589614868,-0.5937484502792358,1.7881393032936899e-09,0.0,0.0,0.9999973773956299,1.0000022649765015,1.0000026226043701,0.0,0.0,0.0,0.0,0.6005396842956543,0.6103499531745911,1.6636719703674316,-0.07067587971687317,-1.635791301727295,0.09257031977176666,0.0,0.0,0.0,0.0,1.0000022649765015,1.0000026226043701,0.059999980032444,-0.0025489141698926687,-0.05995497107505798,0.0034494518768042326,0.0,0.0,0.0,0.0,0.0,0.0,0.5999999642372131,0.9987263083457947,0.0
1.6673954725265503,5.97434663772583,57.295799255371094,0.5999998450279236,-0.6093766093254089,-0.025489110499620438,0.03448495268821716,1.0000022649765015,1.0000026226043701,0.0,1.0,0.6108194589614868,-0.5937484502792358,1.7881393032936899e-09,0.0,0.0,0.9999973773956299,1.0000022649765015,1.0000026226043701,0.0,0.0,0.0,0.0,0.6005396842956543,0.6103499531745911,1.6636719703674316,-0.07067587971687317,-1.635791301727295,0.09257031977176666,0.0,0.0,0.0,0.0,1.0000022649765015,1.0000026226043701,0.059999980032444,-0.0025489141698926687,-0.05995497107505798,0.0034494518768042326,0.0,0.0,0.0,0.0,0.0,0.0,0.5999999642372131,0.9987263083457947,0.0
1.6715954542160034,5.97434663772583,57.295799255371094,0.5999998450279236,-0.6093766093254089,-0.025489110499620438,0.03448495268821716,1.0000022649765015,1.0000026226043701,0.0,1.0,0.6108194589614868,-0.5937484502792358,1.7881393032936899e-09,0.0,0.0,0.9999973773956299,1.0000022649765015,1.0000026226043701,0.0,0.0,0.0,0.0,0.6005396842956543,0.6103499531745911,1.6636719703674316,-0.07067587971687317,-1.635791301727295,0.09257031977176666,0.0,0.0,0.0,0.0,1.0000022649765015,1.0000026226043701,0.059999980032444,-0.0025489141698926687,-0.05995497107505798,0.0034494518768042326,0.0,0.0,0.0,0.0,0.0,0.0,0.5999999642372131,0.9987263083457947,0.0
1.6757954359054565,5.97434663772583,57.295799255371094,0.5999998450279236,-0.6093766093254089,-0.025489110499620438,0.03448495268821716,1.0000022649765015,1.0000026226043701,0.0,1.0,0.6108194589614868,-0.5937484502792358,1.7881393032936899e-09,0.0,0.0,0.9999973773956299,1.0000022649765015,1.0000026226043701,0.0,0.0,0.0,0.0,0.6005396842956543,0.6103499531745911,1.6636719703674316,-0.07067587971687317,-1.635791301727295,0.09257031977176666,0.0,0.0,0.0,0.0,1.0000022649765015,1.0000026226043701,0.059999980032444,-0.0025489141698926687,-0.05995497107505798,0.0034494518768042326,0.0,0.0,0.0,0.0,0.0,0.0,0.5999999642372131,0.9987263083457947,0.0
1.6799954175949097,5.97434663772583,57.295799255371094,0.5999998450279236,-0.6093766093254089,-0.025489110499620438,0.03448495268821716,1.0000022649765015,1.0000026226043701,0.0,1.0,0.6108194589614868,-0.5937484502792358,1.7881393032936899e-09,0.0,0.0,0.9999973773956299,1.0000022649765015,1.0000026226043701,0.0,0.0,0.0,0.0,0.6005396842956543,0.6103499531745911,1.6636719703674316,-0.07067587971687317,-1.635791301727295,0.09257031977176666,0.0,0.0,0.0,0.0,1.0000022649765015,1.0000026226043701,0.059999980032444,-0.0025489141698926687,-0.05995497107505798,0.0034494518768042326,0.0,0.0,0.0,0.0,0.0,0.0,0.5999999642372131,0.9987263083457947,0.0
1.6841953992843628,5.97434663772583,57.295799255371094,0.5999998450279236,-0.6093766093254089,-0.025489110499620438,0.03448495268821716,1.0000022649765015,1.0000026226043701,0.0,1.0,0.6108194589614868,-0.5937484502792358,1.7881393032936899e-09,0.0,0.0,0.9999973773956299,1.0000022649765015,1.0000026226043701,0.0,0.0,0.0,0.0,0.6005396842956543,0.6103499531745911,1.6636719703674316,-0.07067587971687317,-1.635791301727295,0.09257031977176666,0.0,0.0,0.0,0.0,1.0000022649765015,1.0000026226043701,0.059999980032444,-0.0025489141698926687,-0.05995497107505798,0.0034494518768042326,0.0,0.0,0.0,0.0,0.0,0.0,0.5999999642372131,0.9987263083457947,0.0
1.688395380973816,5.97434663772583,57.295799255371094,0.5999998450279236,-0.6093766093254089,-0.025489110499620438,0.03448495268821716,1.0000022649765015,1.0000026226043701,0.0,1.0,0.6108194589614868,-0.5937484502792358,1.7881393032936899e-09,0.0,0.0,0.9999973773956299,1.0000022649765015,1.0000026226043701,0.0,0.0,0.0,0.0,0.6005396842956543,0.6103499531745911,1.6636719703674316,-0.07067587971687317,-1.635791301727295,0.09257031977176666,0.0,0.0,0.0,0.0,1.0000022649765015,1.0000026226043701,0.059999980032444,-0.0025489141698926687,-0.05995497107505798,0.0034494518768042326,0.0,0.0,0.0,0.0,0.0,0.0,0.5999999642372131,0.9987263083457947,0.0
1.692595362663269,5.97434663772583,57.295799255371094,0.5999998450279236,-0.6093766093254089,-0.025489110499620438,0.03448495268821716,1.0000022649765015,1.0000026226043701,0.0,1.0,0.6108194589614868,-0.5937484502792358,1.7881393032936899e-09,0.0,0.0,0.9999973773956299,1.0000022649765015,1.0000026226043701,0.0,0.0,0.0,0.0,0.6005396842956543,0.6103499531745911,1.6636719703674316,-0.07067587971687317,-1.635791301727295,0.09257031977176666,0.0,0.0,0.0,0.0,1.0000022649765015,1.0000026226043701,0.059999980032444,-0.0025489141698926687,-0.05995497107505798,0.0034494518768042326,0.0,0.0,0.0,0.0,0.0,0.0,0.5999999642372131,0.9987263083457947,0.0
1.6967953443527222,5.97434663772583,57.295799255371094,0.5999998450279236,-0.6093766093254089,-0.025489110499620438,0.03448495268821716,1.0000022649765015,1.0000026226043701,0.0,1.0,0.6108194589614868,-0.5937484502792358,1.7881393032936899e-09,0.0,0.0,0.9999973773956299,1.0000022649765015,1.0000026226043701,0.0,0.0,0.0,0.0,0.6005396842956543,0.6103499531745911,1.6636719703674316,-0.07067587971687317,-1.635791301727295,0.09257031977176666,0.0,0.0,0.0,0.0,1.0000022649765015,1.0000026226043701,0.059999980032444,-0.0025489141698926687,-0.05995497107505798,0.0034494518768042326,0.0,0.0,0.0,0.0,0.0,0.0,0.5999999642372131,0.9987263083457947,0.0
1.7009953260421753,5.97434663772583,57.295799255371094,0.5999998450279236,-0.6093766093254089,-0.025489110499620438,0.03448495268821716,1.0000022649765015,1.0000026226043701,0.0,1.0,0.6108194589614868,-0.5937484502792358,1.7881393032936899e-09,0.0,0.0,0.9999973773956299,1.0000022649765015,1.0000026226043701,0.0,0.0,0.0,0.0,0.6005396842956543,0.6103499531745911,1.6636719703674316,-0.07067587971687317,-1.635791301727295,0.09257031977176666,0.0,0.0,0.0,0.0,1.0000022649765015,1.0000026226043701,0.059999980032444,-0.0025489141698926687,-0.05995497107505798,0.0034494518768042326,0.0,0.0,0.0,0.0,0.0,0.0,0.5999999642372131,0.9987263083457947,0.0
1.7051953077316284,5.97434663772583,57.295799255371094,0.5999998450279236,-0.6093766093254089,-0.025489110499620438,0.03448495268821716,1.0000022649765015,1.0000026226043701,0.0,1.0,0.6108194589614868,-0.5937484502792358,1.7881393032936899e-09,0.0,0.0,0.9999973773956299,1.0000022649765015,1.0000026226043701,0.0,0.0,0.0,0.0,0.6005396842956543,0.6103499531745911,1.6636719703674316,-0.07067587971687317,-1.635791301727295,0.09257031977176666,0.0,0.0,0.0,0.0,1.0000022649765015,1.0000026226043701,0.059999980032444,-0.0025489141698926687,-0.05995497107505798,0.0034494518768042326,0.0,0.0,0.0,0.0,0.0,0.0,0.5999999642372131,0.9987263083457947,0.0
1.7093952894210815,5.97434663772583,57.295799255371094,0.5999998450279236,-0.6093766093254089,-0.025489110499620438,0.03448495268821716,1.0000022649765015,1.0000026226043701,0.0,1.0,0.6108194589614868,-0.5937484502792358,1.7881393032936899e-09,0.0,0.0,0.9999973773956299,1.0000022649765015,1.0000026226043701,0.0,0.0,0.0,0.0,0.6005396842956543,0.6103499531745911,1.6636719703674316,-0.07067587971687317,-1.635791301727295,0.09257031977176666,0.0,0.0,0.0,0.0,1.0000022649765015,1.0000026226043701,0.059999980032444,-0.0025489141698926687,-0.05995497107505798,0.0034494518768042326,0.0,0.0,0.0,0.0,0.0,0.0,0.5999999642372131,0.9987263083457947,0.0
1.7135952711105347,5.97434663772583,57.295799255371094,0.5999998450279236,-0.6093766093254089,-0.025489110499620438,0.03448495268821716,1.0000022649765015,1.0000026226043701,0.0,1.0,0.6108194589614868,-0.5937484502792358,1.7881393032936899e-09,0.0,0.0,0.9999973773956299,1.0000022649765015,1.0000026226043701,0.0,0.0,0.0,0.0,0.6005396842956543,0.6103499531745911,1.6636719703674316,-0.07067587971687317,-1.635791301727295,0.09257031977176666,0.0,0.0,0.0,0.0,1.0000022649765015,1.0000026226043701,0.059999980032444,-0.0025489141698926687,-0.05995497107505798,0.0034494518768042326,0.0,0.0,0.0,0.0,0.0,0.0,0.5999999642372131,0.9987263083457947,0.0
1.7177952527999878,5.97434663772583,57.295799255371094,0.5999998450279236,-0.6093766093254089,-0.025489110499620438,0.03448495268821716,1.0000022649765015,1.0000026226043701,0.0,1.0,0.6108194589614868,-0.5937484502792358,1.7881393032936899e-09,0.0,0.0,0.9999973773956299,1.0000022649765015,1.0000026226043701,0.0,0.0,0.0,0.0,0.6005396842956543,0.6103499531745911,1.6636719703674316,-0.07067587971687317,-1.635791301727295,0.09257031977176666,0.0,0.0,0.0,0.0,1.0000022649765015,1.0000026226043701,0.059999980032444,-0.0025489141698926687,-0.05995497107505798,0.0034494518768042326,0.0,0.0,0.0,0.0,0.0,0.0,0.5999999642372131,0.9987263083457947,0.0
1.721995234489441,5.97434663772583,57.295799255371094,0.5999998450279236,-0.6093766093254089,-0.025489110499620438,0.03448495268821716,1.0000022649765015,1.0000026226043701,0.0,1.0,0.6108194589614868,-0.5937484502792358,1.7881393032936899e-09,0.0,0.0,0.9999973773956299,1.0000022649765015,1.0000026226043701,0.0,0.0,0.0,0.0,0.6005396842956543,0.6103499531745911,1.6636719703674316,-0.07067587971687317,-1.635791301727295,0.09257031977176666,0.0,0.0,0.0,0.0,1.0000022649765015,1.0000026226043701,0.059999980032444,-0.0025489141698926687,-0.05995497107505798,0.0034494518768042326,0.0,0.0,0.0,0.0,0.0,0.0,0.5999999642372131,0.9987263083457947,0.0
1.726195216178894,5.97434663772583,57.295799255371094,0.5999998450279236,-0.6093766093254089,-0.025489110499620438,0.03448495268821716,1.0000022649765015,1.0000026226043701,0.0,1.0,0.6108194589614868,-0.5937484502792358,1.7881393032936899e-09,0.0,0.0,0.9999973773956299,1.0000022649765015,1.0000026226043701,0.0,0.0,0.0,0.0,0.6005396842956543,0.6103499531745911,1.6636719703674316,-0.07067587971687317,-1.635791301727295,0.09257031977176666,0.0,0.0,0.0,0.0,1.0000022649765015,1.0000026226043701,0.059999980032444,-0.0025489141698926687,-0.05995497107505798,0.0034494518768042326,0.0,0.0,0.0,0.0,0.0,0.0,0.5999999642372131,0.9987263083457947,0.0
1.7303951978683472,5.97434663772583,57.295799255371094,0.5999998450279236,-0.6093766093254089,-0.025489110499620438,0.03448495268821716,1.0000022649765015,1.0000026226043701,0.0,1.0,0.6108194589614868,-0.5937484502792358,1.7881393032936899e-09,0.0,0.0,0.9999973773956299,1.0000022649765015,1.0000026226043701,0.0,0.0,0.0,0.0,0.6005396842956543,0.6103499531745911,1.6636719703674316,-0.07067587971687317,-1.635791301727295,0.09257031977176666,0.0,0.0,0.0,0.0,1.0000022649765015,1.0000026226043701,0.059999980032444,-0.0025489141698926687,-0.05995497107505798,0.0034494518768042326,0.0,0.0,0.0,0.0,0.0,0.0,0.5999999642372131,0.9987263083457947,0.0
1.7345951795578003,5.97434663772583,57.295799255371094,0.5999998450279236,-0.6093766093254089,-0.025489110499620438,0.03448495268821716,1.0000022649765015,1.0000026226043701,0.0,1.0,0.6108194589614868,-0.5937484502792358,1.7881393032936899e-09,0.0,0.0,0.9999973773956299,1.0000022649765015,1.0000026226043701,0.0,0.0,0.0,0.0,0.6005396842956543,0.6103499531745911,1.6636719703674316,-0.07067587971687317,-1.635791301727295,0.09257031977176666,0.0,0.0,0.0,0.0,1.0000022649765015,1.0000026226043701,0.059999980032444,-0.0025489141698926687,-0.05995497107505798,0.0034494518768042326,0.0,0.0,0.0,0.0,0.0,0.0,0.5999999642372131,0.9987263083457947,0.0
1.7387951612472534,5.97434663772583,57.295799255371094,0.5999998450279236,-0.6093766093254089,-0.025489110499620438,0.03448495268821716,1.0000022649765015,1.0000026226043701,0.0,1.0,0.6108194589614868,-0.5937484502792358,1.7881393032936899e-09,0.0,0.0,0.9999973773956299,1.0000022649765015,1.0000026226043701,0.0,0.0,0.0,0.0,0.6005396842956543,0.6103499531745911,1.6636719703674316,-0.07067587971687317,-1.635791301727295,0.09257031977176666,0.0,0.0,0.0,0.0,1.0000022649765015,1.0000026226043701,0.059999980032444,-0.0025489141698926687,-0.05995497107505798,0.0034494518768042326,0.0,0.0,0.0,0.0,0.0,0.0,0.5999999642372131,0.9987263083457947,0.0
1.7429951429367065,5.97434663772583,57.295799255371094,0.5999998450279236,-0.6093766093254089,-0.025489110499620438,0.03448495268821716,1.0000022649765015,1.0000026226043701,0.0,1.0,0.6108194589614868,-0.5937484502792358,1.7881393032936899e-09,0.0,0.0,0.9999973773956299,1.0000022649765015,1.0000026226043701,0.0,0.0,0.0,0.0,0.6005396842956543,0.6103499531745911,1.6636719703674316,-0.07067587971687317,-1.635791301727295,0.09257031977176666,0.0,0.0,0.0,0.0,1.0000022649765015,1.0000026226043701,0.059999980032444,-0.0025489141698926687,-0.05995497107505798,0.0034494518768042326,0.0,0.0,0.0,0.0,0.0,0.0,0.5999999642372131,0.9987263083457947,0.0
1.7471951246261597,5.97434663772583,57.295799255371094,0.5999998450279236,-0.6093766093254089,-0.025489110499620438,0.03448495268821716,1.0000022649765015,1.0000026226043701,0.0,1.0,0.6108194589614868,-0.5937484502792358,1.7881393032936899e-09,0.0,0.0,0.9999973773956299,1.0000022649765015,1.0000026226043701,0.0,0.0,0.0,0.0,0.6005396842956543,0.6103499531745911,1.6636719703674316,-0.07067587971687317,-1.635791301727295,0.09257031977176666,0.0,0.0,0.0,0.0,1.0000022649765015,1.0000026226043701,0.059999980032444,-0.0025489141698926687,-0.05995497107505798,0.0034494518768042326,0.0,0.0,0.0,0.0,0.0,0.0,0.5999999642372131,0.9987263083457947,0.0
1.7513951063156128,5.97434663772583,57.295799255371094,0.5999998450279236,-0.6093766093254089,-0.025489110499620438,0.03448495268821716,1.0000022649765015,1.0000026226043701,0.0,1.0,0.6108194589614868,-0.5937484502792358,1.7881393032936899e-09,0.0,0.0,0.9999973773956299,1.0000022649765015,1.0000026226043701,0.0,0.0,0.0,0.0,0.6005396842956543,0.6103499531745911,1.6636719703674316,-0.07067587971687317,-1.635791301727295,0.09257031977176666,0.0,0.0,0.0,0.0,1.0000022649765015,1.0000026226043701,0.059999980032444,-0.0025489141698926687,-0.05995497107505798,0.0034494518768042326,0.0,0.0,0.0,0.0,0.0,0.0,0.5999999642372131,0.9987263083457947,0.0
1.755595088005066,5.97434663772583,57.295799255371094,0.5999998450279236,-0.6093766093254089,-0.025489110499620438,0.03448495268821716,1.0000022649765015,1.0000026226043701,0.0,1.0,0.6108194589614868,-0.5937484502792358,1.7881393032936899e-09,0.0,0.0,0.9999973773956299,1.0000022649765015,1.0000026226043701,0.0,0.0,0.0,0.0,0.6005396842956543,0.6103499531745911,1.6636719703674316,-0.07067587971687317,-1.635791301727295,0.09257031977176666,0.0,0.0,0.0,0.0,1.0000022649765015,1.0000026226043701,0.059999980032444,-0.0025489141698926687,-0.05995497107505798,0.0034494518768042326,0.0,0.0,0.0,0.0,0.0,0.0,0.5999999642372131,0.9987263083457947,0.0
1.759795069694519,5.97434663772583,57.295799255371094,0.5999998450279236,-0.6093766093254089,-0.025489110499620438,0.03448495268821716,1.0000022649765015,1.0000026226043701,0.0,1.0,0.6108194589614868,-0.5937484502792358,1.7881393032936899e-09,0.0,0.0,0.9999973773956299,1.0000022649765015,1.0000026226043701,0.0,0.0,0.0,0.0,0.6005396842956543,0.6103499531745911,1.6636719703674316,-0.07067587971687317,-1.635791301727295,0.09257031977176666,0.0,0.0,0.0,0.0,1.0000022649765015,1.0000026226043701,0.059999980032444,-0.0025489141698926687,-0.05995497107505798,0.0034494518768042326,0.0,0.0,0.0,0.0,0.0,0.0,0.5999999642372131,0.9987263083457947,0.0
1.7639950513839722,5.97434663772583,57.295799255371094,0.5999998450279236,-0.6093766093254089,-0.025489110499620438,0.03448495268821716,1.0000022649765015,1.0000026226043701,0.0,1.0,0.6108194589614868,-0.5937484502792358,1.7881393032936899e-09,0.0,0.0,0.9999973773956299,1.0000022649765015,1.0000026226043701,0.0,0.0,0.0,0.0,0.6005396842956543,0.6103499531745911,1.6636719703674316,-0.07067587971687317,-1.635791301727295,0.09257031977176666,0.0,0.0,0.0,0.0,1.0000022649765015,1.0000026226043701,0.059999980032444,-0.0025489141698926687,-0.05995497107505798,0.0034494518768042326,0.0,0.0,0.0,0.0,0.0,0.0,0.5999999642372131,0.9987263083457947,0.0
1.7681950330734253,5.97434663772583,57.295799255371094,0.5999998450279236,-0.6093766093254089,-0.025489110499620438,0.03448495268821716,1.0000022649765015,1.0000026226043701,0.0,1.0,0.6108194589614868,-0.5937484502792358,1.7881393032936899e-09,0.0,0.0,0.9999973773956299,1.0000022649765015,1.0000026226043701,0.0,0.0,0.0,0.0,0.6005396842956543,0.6103499531745911,1.6636719703674316,-0.07067587971687317,-1.635791301727295,0.09257031977176666,0.0,0.0,0.0,0.0,1.0000022649765015,1.0000026226043701,0.059999980032444,-0.0025489141698926687,-0.05995497107505798,0.0034494518768042326,0.0,0.0,0.0,0.0,0.0,0.0,0.5999999642372131,0.9987263083457947,0.0
1.7723950147628784,5.97434663772583,57.295799255371094,0.5999998450279236,-0.6093766093254089,-0.025489110499620438,0.03448495268821716,1.0000022649765015,1.0000026226043701,0.0,1.0,0.6108194589614868,-0.5937484502792358,1.7881393032936899e-09,0.0,0.0,0.9999973773956299,1.0000022649765015,1.0000026226043701,0.0,0.0,0.0,0.0,0.6005396842956543,0.6103499531745911,1.6636719703674316,-0.07067587971687317,-1.635791301727295,0.09257031977176666,0.0,0.0,0.0,0.0,1.0000022649765015,1.0000026226043701,0.059999980032444,-0.0025489141698926687,-0.05995497107505798,0.0034494518768042326,0.0,0.0,0.0,0.0,0.0,0.0,0.5999999642372131,0.9987263083457947,0.0
1.7765949964523315,5.97434663772583,57.295799255371094,0.5999998450279236,-0.6093766093254089,-0.025489110499620438,0.03448495268821716,1.0000022649765015,1.0000026226043701,0.0,1.0,0.6108194589614868,-0.5937484502792358,1.7881393032936899e-09,0.0,0.0,0.9999973773956299,1.0000022649765015,1.0000026226043701,0.0,0.0,0.0,0.0,0.6005396842956543,0.6103499531745911,1.6636719703674316,-0.07067587971687317,-1.635791301727295,0.09257031977176666,0.0,0.0,0.0,0.0,1.0000022649765015,1.0000026226043701,0.059999980032444,-0.0025489141698926687,-0.05995497107505798,0.0034494518768042326,0.0,0.0,0.0,0.0,0.0,0.0,0.5999999642372131,0.9987263083457947,0.0
1.7807949781417847,5.97434663772583,57.295799255371094,0.5999998450279236,-0.6093766093254089,-0.025489110499620438,0.03448495268821716,1.0000022649765015,1.0000026226043701,0.0,1.0,0.6108194589614868,-0.5937484502792358,1.7881393032936899e-09,0.0,0.0,0.9999973773956299,1.0000022649765015,1.0000026226043701,0.0,0.0,0.0,0.0,0.6005396842956543,0.6103499531745911,1.6636719703674316,-0.07067587971687317,-1.635791301727295,0.09257031977176666,0.0,0.0,0.0,0.0,1.0000022649765015,1.0000026226043701,0.059999980032444,-0.0025489141698926687,-0.05995497107505798,0.0034494518768042326,0.0,0.0,0.0,0.0,0.0,0.0,0.5999999642372131,0.9987263083457947,0.0
1.7849949598312378,5.97434663772583,57.295799255371094,0.5999998450279236,-0.6093766093254089,-0.025489110499620438,0.03448495268821716,1.0000022649765015,1.0000026226043701,0.0,1.0,0.6108194589614868,-0.5937484502792358,1.7881393032936899e-09,0.0,0.0,0.9999973773956299,1.0000022649765015,1.0000026226043701,0.0,0.0,0.0,0.0,0.6005396842956543,0.6103499531745911,1.6636719703674316,-0.07067587971687317,-1.635791301727295,0.09257031977176666,0.0,0.0,0.0,0.0,1.0000022649765015,1.0000026226043701,0.059999980032444,-0.0025489141698926687,-0.05995497107505798,0.0034494518768042326,0.0,0.0,0.0,0.0,0.0,0.0,0.5999999642372131,0.9987263083457947,0.0
1.789194941520691,5.97434663772583,57.295799255371094,0.5999998450279236,-0.6093766093254089,-0.025489110499620438,0.03448495268821716,1.0000022649765015,1.0000026226043701,0.0,1.0,0.6108194589614868,-0.5937484502792358,1.7881393032936899e-09,0.0,0.0,0.9999973773956299,1.0000022649765015,1.0000026226043701,0.0,0.0,0.0,0.0,0.6005396842956543,0.6103499531745911,1.6636719703674316,-0.07067587971687317,-1.635791301727295,0.09257031977176666,0.0,0.0,0.0,0.0,1.0000022649765015,1.0000026226043701,0.059999980032444,-0.0025489141698926687,-0.05995497107505798,0.0034494518768042326,0.0,0.0,0.0,0.0,0.0,0.0,0.5999999642372131,0.9987263083457947,0.0
1.793394923210144,5.97434663772583,57.295799255371094,0.5999998450279236,-0.6093766093254089,-0.025489110499620438,0.03448495268821716,1.0000022649765015,1.0000026226043701,0.0,1.0,0.6108194589614868,-0.5937484502792358,1.7881393032936899e-09,0.0,0.0,0.9999973773956299,1.0000022649765015,1.0000026226043701,0.0,0.0,0.0,0.0,0.6005396842956543,0.6103499531745911,1.6636719703674316,-0.07067587971687317,-1.635791301727295,0.09257031977176666,0.0,0.0,0.0,0.0,1.0000022649765015,1.0000026226043701,0.059999980032444,-0.0025489141698926687,-0.05995497107505798,0.0034494518768042326,0.0,0.0,0.0,0.0,0.0,0.0,0.5999999642372131,0.9987263083457947,0.0
1.7975949048995972,5.97434663772583,57.295799255371094,0.5999998450279236,-0.6093766093254089,-0.025489110499620438,0.03448495268821716,1.0000022649765015,1.0000026226043701,0.0,1.0,0.6108194589614868,-0.5937484502792358,1.7881393032936899e-09,0.0,0.0,0.9999973773956299,1.0000022649765015,1.0000026226043701,0.0,0.0,0.0,0.0,0.6005396842956543,0.6103499531745911,1.6636719703674316,-0.07067587971687317,-1.635791301727295,0.09257031977176666,0.0,0.0,0.0,0.0,1.0000022649765015,1.0000026226043701,0.059999980032444,-0.0025489141698926687,-0.05995497107505798,0.0034494518768042326,0.0,0.0,0.0,0.0,0.0,0.0,0.5999999642372131,0.9987263083457947,0.0
1.8017948865890503,5.97434663772583,57.295799255371094,0.5999998450279236,-0.6093766093254089,-0.025489110499620438,0.03448495268821716,1.0000022649765015,1.0000026226043701,0.0,1.0,0.6108194589614868,-0.5937484502792358,1.7881393032936899e-09,0.0,0.0,0.9999973773956299,1.0000022649765015,1.0000026226043701,0.0,0.0,0.0,0.0,0.6005396842956543,0.6103499531745911,1.6636719703674316,-0.07067587971687317,-1.635791301727295,0.09257031977176666,0.0,0.0,0.0,0.0,1.0000022649765015,1.0000026226043701,0.059999980032444,-0.0025489141698926687,-0.05995497107505798,0.0034494518768042326,0.0,0.0,0.0,0.0,0.0,0.0,0.5999999642372131,0.9987263083457947,0.0
1.8059948682785034,5.97434663772583,57.295799255371094,0.5999998450279236,-0.6093766093254089,-0.025489110499620438,0.03448495268821716,1.0000022649765015,1.0000026226043701,0.0,1.0,0.6108194589614868,-0.5937484502792358,1.7881393032936899e-09,0.0,0.0,0.9999973773956299,1.0000022649765015,1.0000026226043701,0.0,0.0,0.0,0.0,0.6005396842956543,0.6103499531745911,1.6636719703674316,-0.07067587971687317,-1.635791301727295,0.09257031977176666,0.0,0.0,0.0,0.0,1.0000022649765015,1.0000026226043701,0.059999980032444,-0.0025489141698926687,-0.05995497107505798,0.0034494518768042326,0.0,0.0,0.0,0.0,0.0,0.0,0.5999999642372131,0.9987263083457947,0.0
1.8101948499679565,5.97434663772583,57.295799255371094,0.5999998450279236,-0.6093766093254089,-0.025489110499620438,0.03448495268821716,1.0000022649765015,1.0000026226043701,0.0,1.0,0.6108194589614868,-0.5937484502792358,1.7881393032936899e-09,0.0,0.0,0.9999973773956299,1.0000022649765015,1.0000026226043701,0.0,0.0,0.0,0.0,0.6005396842956543,0.6103499531745911,1.6636719703674316,-0.07067587971687317,-1.635791301727295,0.09257031977176666,0.0,0.0,0.0,0.0,1.0000022649765015,1.0000026226043701,0.059999980032444,-0.0025489141698926687,-0.05995497107505798,0.0034494518768042326,0.0,0.0,0.0,0.0,0.0,0.0,0.5999999642372131,0.9987263083457947,0.0
1.8143948316574097,5.97434663772583,57.295799255371094,0.5999998450279236,-0.6093766093254089,-0.025489110499620438,0.03448495268821716,1.0000022649765015,1.0000026226043701,0.0,1.0,0.6108194589614868,-0.5937484502792358,1.7881393032936899e-09,0.0,0.0,0.9999973773956299,1.0000022649765015,1.0000026226043701,0.0,0.0,0.0,0.0,0.6005396842956543,0.6103499531745911,1.6636719703674316,-0.07067587971687317,-1.635791301727295,0.09257031977176666,0.0,0.0,0.0,0.0,1.0000022649765015,1.0000026226043701,0.059999980032444,-0.0025489141698926687,-0.05995497107505798,0.0034494518768042326,0.0,0.0,0.0,0.0,0.0,0.0,0.5999999642372131,0.9987263083457947,0.0
1.8185948133468628,5.97434663772583,57.295799255371094,0.5999998450279236,-0.6093766093254089,-0.025489110499620438,0.03448495268821716,1.0000022649765015,1.0000026226043701,0.0,1.0,0.6108194589614868,-0.5937484502792358,1.7881393032936899e-09,0.0,0.0,0.9999973773956299,1.0000022649765015,1.0000026226043701,0.0,0.0,0.0,0.0,0.6005396842956543,0.6103499531745911,1.6636719703674316,-0.07067587971687317,-1.635791301727295,0.09257031977176666,0.0,0.0,0.0,0.0,1.0000022649765015,1.0000026226043701,0.059999980032444,-0.0025489141698926687,-0.05995497107505798,0.0034494518768042326,0.0,0.0,0.0,0.0,0.0,0.0,0.5999999642372131,0.9987263083457947,0.0
1.822794795036316,5.97434663772583,57.295799255371094,0.5999998450279236,-0.6093766093254089,-0.025489110499620438,0.03448495268821716,1.0000022649765015,1.0000026226043701,0.0,1.0,0.6108194589614868,-0.5937484502792358,1.7881393032936899e-09,0.0,0.0,0.9999973773956299,1.0000022649765015,1.0000026226043701,0.0,0.0,0.0,0.0,0.6005396842956543,0.6103499531745911,1.6636719703674316,-0.07067587971687317,-1.635791301727295,0.09257031977176666,0.0,0.0,0.0,0.0,1.0000022649765015,1.0000026226043701,0.059999980032444,-0.0025489141698926687,-0.05995497107505798,0.0034494518768042326,0.0,0.0,0.0,0.0,0.0,0.0,0.5999999642372131,0.9987263083457947,0.0
1.826994776725769,5.97434663772583,57.295799255371094,0.5999998450279236,-0.6093766093254089,-0.025489110499620438,0.03448495268821716,1.0000022649765015,1.0000026226043701,0.0,1.0,0.6108194589614868,-0.5937484502792358,1.7881393032936899e-09,0.0,0.0,0.9999973773956299,1.0000022649765015,1.0000026226043701,0.0,0.0,0.0,0.0,0.6005396842956543,0.6103499531745911,1.6636719703674316,-0.07067587971687317,-1.635791301727295,0.09257031977176666,0.0,0.0,0.0,0.0,1.0000022649765015,1.0000026226043701,0.059999980032444,-0.0025489141698926687,-0.05995497107505798,0.0034494518768042326,0.0,0.0,0.0,0.0,0.0,0.0,0.5999999642372131,0.9987263083457947,0.0
1.8311947584152222,5.97434663772583,57.295799255371094,0.5999998450279236,-0.6093766093254089,-0.025489110499620438,0.03448495268821716,1.0000022649765015,1.0000026226043701,0.0,1.0,0.6108194589614868,-0.5937484502792358,1.7881393032936899e-09,0.0,0.0,0.9999973773956299,1.0000022649765015,1.0000026226043701,0.0,0.0,0.0,0.0,0.6005396842956543,0.6103499531745911,1.6636719703674316,-0.07067587971687317,-1.635791301727295,0.09257031977176666,0.0,0.0,0.0,0.0,1.0000022649765015,1.0000026226043701,0.059999980032444,-0.0025489141698926687,-0.05995497107505798,0.0034494518768042326,0.0,0.0,0.0,0.0,0.0,0.0,0.5999999642372131,0.9987263083457947,0.0
1.8353947401046753,5.97434663772583,57.295799255371094,0.5999998450279236,-0.6093766093254089,-0.025489110499620438,0.03448495268821716,1.0000022649765015,1.0000026226043701,0.0,1.0,0.6108194589614868,-0.5937484502792358,1.7881393032936899e-09,0.0,0.0,0.9999973773956299,1.0000022649765015,1.0000026226043701,0.0,0.0,0.0,0.0,0.6005396842956543,0.6103499531745911,1.6636719703674316,-0.07067587971687317,-1.635791301727295,0.09257031977176666,0.0,0.0,0.0,0.0,1.0000022649765015,1.0000026226043701,0.059999980032444,-0.0025489141698926687,-0.05995497107505798,0.0034494518768042326,0.0,0.0,0.0,0.0,0.0,0.0,0.5999999642372131,0.9987263083457947,0.0
1.8395947217941284,5.97434663772583,57.295799255371094,0.5999998450279236,-0.6093766093254089,-0.025489110499620438,0.03448495268821716,1.0000022649765015,1.0000026226043701,0.0,1.0,0.6108194589614868,-0.5937484502792358,1.7881393032936899e-09,0.0,0.0,0.9999973773956299,1.0000022649765015,1.0000026226043701,0.0,0.0,0.0,0.0,0.6005396842956543,0.6103499531745911,1.6636719703674316,-0.07067587971687317,-1.635791301727295,0.09257031977176666,0.0,0.0,0.0,0.0,1.0000022649765015,1.0000026226043701,0.059999980032444,-0.0025489141698926687,-0.05995497107505798,0.0034494518768042326,0.0,0.0,0.0,0.0,0.0,0.0,0.5999999642372131,0.9987263083457947,0.0
1.8437947034835815,5.97434663772583,57.295799255371094,0.5999998450279236,-0.6093766093254089,-0.025489110499620438,0.03448495268821716,1.0000022649765015,1.0000026226043701,0.0,1.0,0.6108194589614868,-0.5937484502792358,1.7881393032936899e-09,0.0,0.0,0.9999973773956299,1.0000022649765015,1.0000026226043701,0.0,0.0,0.0,0.0,0.6005396842956543,0.6103499531745911,1.6636719703674316,-0.07067587971687317,-1.635791301727295,0.09257031977176666,0.0,0.0,0.0,0.0,1.0000022649765015,1.0000026226043701,0.059999980032444,-0.0025489141698926687,-0.05995497107505798,0.0034494518768042326,0.0,0.0,0.0,0.0,0.0,0.0,0.5999999642372131,0.9987263083457947,0.0
1.8479946851730347,5.97434663772583,57.295799255371094,0.5999998450279236,-0.6093766093254089,-0.025489110499620438,0.03448495268821716,1.0000022649765015,1.0000026226043701,0.0,1.0,0.6108194589614868,-0.5937484502792358,1.7881393032936899e-09,0.0,0.0,0.9999973773956299,1.0000022649765015,1.0000026226043701,0.0,0.0,0.0,0.0,0.6005396842956543,0.6103499531745911,1.6636719703674316,-0.07067587971687317,-1.635791301727295,0.09257031977176666,0.0,0.0,0.0,0.0,1.0000022649765015,1.0000026226043701,0.059999980032444,-0.0025489141698926687,-0.05995497107505798,0.0034494518768042326,0.0,0.0,0.0,0.0,0.0,0.0,0.5999999642372131,0.9987263083457947,0.0
1.8521946668624878,5.97434663772583,57.295799255371094,0.5999998450279236,-0.6093766093254089,-0.025489110499620438,0.03448495268821716,1.0000022649765015,1.0000026226043701,0.0,1.0,0.6108194589614868,-0.5937484502792358,1.7881393032936899e-09,0.0,0.0,0.9999973773956299,1.0000022649765015,1.0000026226043701,0.0,0.0,0.0,0.0,0.6005396842956543,0.6103499531745911,1.6636719703674316,-0.07067587971687317,-1.635791301727295,0.09257031977176666,0.0,0.0,0.0,0.0,1.0000022649765015,1.0000026226043701,0.059999980032444,-0.0025489141698926687,-0.05995497107505798,0.0034494518768042326,0.0,0.0,0.0,0.0,0.0,0.0,0.5999999642372131,0.9987263083457947,0.0
1.856394648551941,5.97434663772583,57.295799255371094,0.5999998450279236,-0.6093766093254089,-0.025489110499620438,0.03448495268821716,1.0000022649765015,1.0000026226043701,0.0,1.0,0.6108194589614868,-0.5937484502792358,1.7881393032936899e-09,0.0,0.0,0.9999973773956299,1.0000022649765015,1.0000026226043701,0.0,0.0,0.0,0.0,0.6005396842956543,0.6103499531745911,1.6636719703674316,-0.07067587971687317,-1.635791301727295,0.09257031977176666,0.0,0.0,0.0,0.0,1.0000022649765015,1.0000026226043701,0.059999980032444,-0.0025489141698926687,-0.05995497107505798,0.0034494518768042326,0.0,0.0,0.0,0.0,0.0,0.0,0.5999999642372131,0.9987263083457947,0.0
1.860594630241394,5.97434663772583,57.295799255371094,0.5999998450279236,-0.6093766093254089,-0.025489110499620438,0.03448495268821716,1.0000022649765015,1.0000026226043701,0.0,1.0,0.6108194589614868,-0.5937484502792358,1.7881393032936899e-09,0.0,0.0,0.9999973773956299,1.0000022649765015,1.0000026226043701,0.0,0.0,0.0,0.0,0.6005396842956543,0.6103499531745911,1.6636719703674316,-0.07067587971687317,-1.635791301727295,0.09257031977176666,0.0,0.0,0.0,0.0,1.0000022649765015,1.0000026226043701,0.059999980032444,-0.0025489141698926687,-0.05995497107505798,0.0034494518768042326,0.0,0.0,0.0,0.0,0.0,0.0,0.5999999642372131,0.9987263083457947,0.0
1.8647946119308472,5.97434663772583,57.295799255371094,0.5999998450279236,-0.6093766093254089,-0.025489110499620438,0.03448495268821716,1.0000022649765015,1.0000026226043701,0.0,1.0,0.6108194589614868,-0.5937484502792358,1.7881393032936899e-09,0.0,0.0,0.9999973773956299,1.0000022649765015,1.0000026226043701,0.0,0.0,0.0,0.0,0.6005396842956543,0.6103499531745911,1.6636719703674316,-0.07067587971687317,-1.635791301727295,0.09257031977176666,0.0,0.0,0.0,0.0,1.0000022649765015,1.0000026226043701,0.059999980032444,-0.0025489141698926687,-0.05995497107505798,0.0034494518768042326,0.0,0.0,0.0,0.0,0.0,0.0,0.5999999642372131,0.9987263083457947,0.0
1.8689945936203003,5.97434663772583,57.295799255371094,0.5999998450279236,-0.6093766093254089,-0.025489110499620438,0.03448495268821716,1.0000022649765015,1.0000026226043701,0.0,1.0,0.6108194589614868,-0.5937484502792358,1.7881393032936899e-09,0.0,0.0,0.9999973773956299,1.0000022649765015,1.0000026226043701,0.0,0.0,0.0,0.0,0.6005396842956543,0.6103499531745911,1.6636719703674316,-0.07067587971687317,-1.635791301727295,0.09257031977176666,0.0,0.0,0.0,0.0,1.0000022649765015,1.0000026226043701,0.059999980032444,-0.0025489141698926687,-0.05995497107505798,0.0034494518768042326,0.0,0.0,0.0,0.0,0.0,0.0,0.5999999642372131,0.9987263083457947,0.0
1.8731945753097534,5.97434663772583,57.295799255371094,0.5999998450279236,-0.6093766093254089,-0.025489110499620438,0.03448495268821716,1.0000022649765015,1.0000026226043701,0.0,1.0,0.6108194589614868,-0.5937484502792358,1.7881393032936899e-09,0.0,0.0,0.9999973773956299,1.0000022649765015,1.0000026226043701,0.0,0.0,0.0,0.0,0.6005396842956543,0.6103499531745911,1.6636719703674316,-0.07067587971687317,-1.635791301727295,0.09257031977176666,0.0,0.0,0.0,0.0,1.0000022649765015,1.0000026226043701,0.059999980032444,-0.0025489141698926687,-0.05995497107505798,0.0034494518768042326,0.0,0.0,0.0,0.0,0.0,0.0,0.5999999642372131,0.9987263083457947,0.0
1.8773945569992065,5.97434663772583,57.295799255371094,0.5999998450279236,-0.6093766093254089,-0.025489110499620438,0.03448495268821716,1.0000022649765015,1.0000026226043701,0.0,1.0,0.6108194589614868,-0.5937484502792358,1.7881393032936899e-09,0.0,0.0,0.9999973773956299,1.0000022649765015,1.0000026226043701,0.0,0.0,0.0,0.0,0.6005396842956543,0.6103499531745911,1.6636719703674316,-0.07067587971687317,-1.635791301727295,0.09257031977176666,0.0,0.0,0.0,0.0,1.0000022649765015,1.0000026226043701,0.059999980032444,-0.0025489141698926687,-0.05995497107505798,0.0034494518768042326,0.0,0.0,0.0,0.0,0.0,0.0,0.5999999642372131,0.9987263083457947,0.0
1.8815945386886597,5.97434663772583,57.295799255371094,0.5999998450279236,-0.6093766093254089,-0.025489110499620438,0.03448495268821716,1.0000022649765015,1.0000026226043701,0.0,1.0,0.6108194589614868,-0.5937484502792358,1.7881393032936899e-09,0.0,0.0,0.9999973773956299,1.0000022649765015,1.0000026226043701,0.0,0.0,0.0,0.0,0.6005396842956543,0.6103499531745911,1.6636719703674316,-0.07067587971687317,-1.635791301727295,0.09257031977176666,0.0,0.0,0.0,0.0,1.0000022649765015,1.0000026226043701,0.059999980032444,-0.0025489141698926687,-0.05995497107505798,0.0034494518768042326,0.0,0.0,0.0,0.0,0.0,0.0,0.5999999642372131,0.9987263083457947,0.0
1.8857945203781128,5.97434663772583,57.295799255371094,0.5999998450279236,-0.6093766093254089,-0.025489110499620438,0.03448495268821716,1.0000022649765015,1.0000026226043701,0.0,1.0,0.6108194589614868,-0.5937484502792358,1.7881393032936899e-09,0.0,0.0,0.9999973773956299,1.0000022649765015,1.0000026226043701,0.0,0.0,0.0,0.0,0.6005396842956543,0.6103499531745911,1.6636719703674316,-0.07067587971687317,-1.635791301727295,0.09257031977176666,0.0,0.0,0.0,0.0,1.0000022649765015,1.0000026226043701,0.059999980032444,-0.0025489141698926687,-0.05995497107505798,0.0034494518768042326,0.0,0.0,0.0,0.0,0.0,0.0,0.5999999642372131,0.9987263083457947,0.0
1.889994502067566,5.97434663772583,57.295799255371094,0.5999998450279236,-0.6093766093254089,-0.025489110499620438,0.03448495268821716,1.0000022649765015,1.0000026226043701,0.0,1.0,0.6108194589614868,-0.5937484502792358,1.7881393032936899e-09,0.0,0.0,0.9999973773956299,1.0000022649765015,1.0000026226043701,0.0,0.0,0.0,0.0,0.6005396842956543,0.6103499531745911,1.6636719703674316,-0.07067587971687317,-1.635791301727295,0.09257031977176666,0.0,0.0,0.0,0.0,1.0000022649765015,1.0000026226043701,0.059999980032444,-0.0025489141698926687,-0.05995497107505798,0.0034494518768042326,0.0,0.0,0.0,0.0,0.0,0.0,0.5999999642372131,0.9987263083457947,0.0
1.894194483757019,5.97434663772583,57.295799255371094,0.5999998450279236,-0.6093766093254089,-0.025489110499620438,0.03448495268821716,1.0000022649765015,1.0000026226043701,0.0,1.0,0.6108194589614868,-0.5937484502792358,1.7881393032936899e-09,0.0,0.0,0.9999973773956299,1.0000022649765015,1.0000026226043701,0.0,0.0,0.0,0.0,0.6005396842956543,0.6103499531745911,1.6636719703674316,-0.07067587971687317,-1.635791301727295,0.09257031977176666,0.0,0.0,0.0,0.0,1.0000022649765015,1.0000026226043701,0.059999980032444,-0.0025489141698926687,-0.05995497107505798,0.0034494518768042326,0.0,0.0,0.0,0.0,0.0,0.0,0.5999999642372131,0.9987263083457947,0.0
1.8983944654464722,5.97434663772583,57.295799255371094,0.5999998450279236,-0.6093766093254089,-0.025489110499620438,0.03448495268821716,1.0000022649765015,1.0000026226043701,0.0,1.0,0.6108194589614868,-0.5937484502792358,1.7881393032936899e-09,0.0,0.0,0.9999973773956299,1.0000022649765015,1.0000026226043701,0.0,0.0,0.0,0.0,0.6005396842956543,0.6103499531745911,1.6636719703674316,-0.07067587971687317,-1.635791301727295,0.09257031977176666,0.0,0.0,0.0,0.0,1.0000022649765015,1.0000026226043701,0.059999980032444,-0.0025489141698926687,-0.05995497107505798,0.0034494518768042326,0.0,0.0,0.0,0.0,0.0,0.0,0.5999999642372131,0.9987263083457947,0.0
1.9025944471359253,5.97434663772583,57.295799255371094,0.5999998450279236,-0.6093766093254089,-0.025489110499620438,0.03448495268821716,1.0000022649765015,1.0000026226043701,0.0,1.0,0.6108194589614868,-0.5937484502792358,1.7881393032936899e-09,0.0,0.0,0.9999973773956299,1.0000022649765015,1.0000026226043701,0.0,0.0,0.0,0.0,0.6005396842956543,0.6103499531745911,1.6636719703674316,-0.07067587971687317,-1.635791301727295,0.09257031977176666,0.0,0.0,0.0,0.0,1.0000022649765015,1.0000026226043701,0.059999980032444,-0.0025489141698926687,-0.05995497107505798,0.0034494518768042326,0.0,0.0,0.0,0.0,0.0,0.0,0.5999999642372131,0.9987263083457947,0.0
1.9067944288253784,5.97434663772583,57.295799255371094,0.5999998450279236,-0.6093766093254089,-0.025489110499620438,0.03448495268821716,1.0000022649765015,1.0000026226043701,0.0,1.0,0.6108194589614868,-0.5937484502792358,1.7881393032936899e-09,0.0,0.0,0.9999973773956299,1.0000022649765015,1.0000026226043701,0.0,0.0,0.0,0.0,0.6005396842956543,0.6103499531745911,1.6636719703674316,-0.07067587971687317,-1.635791301727295,0.09257031977176666,0.0,0.0,0.0,0.0,1.0000022649765015,1.0000026226043701,0.059999980032444,-0.0025489141698926687,-0.05995497107505798,0.0034494518768042326,0.0,0.0,0.0,0.0,0.0,0.0,0.5999999642372131,0.9987263083457947,0.0
1.9109944105148315,5.97434663772583,57.295799255371094,0.5999998450279236,-0.6093766093254089,-0.025489110499620438,0.03448495268821716,1.0000022649765015,1.0000026226043701,0.0,1.0,0.6108194589614868,-0.5937484502792358,1.7881393032936899e-09,0.0,0.0,0.9999973773956299,1.0000022649765015,1.0000026226043701,0.0,0.0,0.0,0.0,0.6005396842956543,0.6103499531745911,1.6636719703674316,-0.07067587971687317,-1.635791301727295,0.09257031977176666,0.0,0.0,0.0,0.0,1.0000022649765015,1.0000026226043701,0.059999980032444,-0.0025489141698926687,-0.05995497107505798,0.0034494518768042326,0.0,0.0,0.0,0.0,0.0,0.0,0.5999999642372131,0.9987263083457947,0.0
1.9151943922042847,5.97434663772583,57.295799255371094,0.5999998450279236,-0.6093766093254089,-0.025489110499620438,0.03448495268821716,1.0000022649765015,1.0000026226043701,0.0,1.0,0.6108194589614868,-0.5937484502792358,1.7881393032936899e-09,0.0,0.0,0.9999973773956299,1.0000022649765015,1.0000026226043701,0.0,0.0,0.0,0.0,0.6005396842956543,0.6103499531745911,1.6636719703674316,-0.07067587971687317,-1.635791301727295,0.09257031977176666,0.0,0.0,0.0,0.0,1.0000022649765015,1.0000026226043701,0.059999980032444,-0.0025489141698926687,-0.05995497107505798,0.0034494518768042326,0.0,0.0,0.0,0.0,0.0,0.0,0.5999999642372131,0.9987263083457947,0.0
1.9193943738937378,5.97434663772583,57.295799255371094,0.5999998450279236,-0.6093766093254089,-0.025489110499620438,0.03448495268821716,1.0000022649765015,1.0000026226043701,0.0,1.0,0.6108194589614868,-0.5937484502792358,1.7881393032936899e-09,0.0,0.0,0.9999973773956299,1.0000022649765015,1.0000026226043701,0.0,0.0,0.0,0.0,0.6005396842956543,0.6103499531745911,1.6636719703674316,-0.07067587971687317,-1.635791301727295,0.09257031977176666,0.0,0.0,0.0,0.0,1.0000022649765015,1.0000026226043701,0.059999980032444,-0.0025489141698926687,-0.05995497107505798,0.0034494518768042326,0.0,0.0,0.0,0.0,0.0,0.0,0.5999999642372131,0.9987263083457947,0.0
1.923594355583191,5.97434663772583,57.295799255371094,0.5999998450279236,-0.6093766093254089,-0.025489110499620438,0.03448495268821716,1.0000022649765015,1.0000026226043701,0.0,1.0,0.6108194589614868,-0.5937484502792358,1.7881393032936899e-09,0.0,0.0,0.9999973773956299,1.0000022649765015,1.0000026226043701,0.0,0.0,0.0,0.0,0.6005396842956543,0.6103499531745911,1.6636719703674316,-0.07067587971687317,-1.635791301727295,0.09257031977176666,0.0,0.0,0.0,0.0,1.0000022649765015,1.0000026226043701,0.059999980032444,-0.0025489141698926687,-0.05995497107505798,0.0034494518768042326,0.0,0.0,0.0,0.0,0.0,0.0,0.5999999642372131,0.9987263083457947,0.0
1.927794337272644,5.97434663772583,57.295799255371094,0.5999998450279236,-0.6093766093254089,-0.025489110499620438,0.03448495268821716,1.0000022649765015,1.0000026226043701,0.0,1.0,0.6108194589614868,-0.5937484502792358,1.7881393032936899e-09,0.0,0.0,0.9999973773956299,1.0000022649765015,1.0000026226043701,0.0,0.0,0.0,0.0,0.6005396842956543,0.6103499531745911,1.6636719703674316,-0.07067587971687317,-1.635791301727295,0.09257031977176666,0.0,0.0,0.0,0.0,1.0000022649765015,1.0000026226043701,0.059999980032444,-0.0025489141698926687,-0.05995497107505798,0.0034494518768042326,0.0,0.0,0.0,0.0,0.0,0.0,0.5999999642372131,0.9987263083457947,0.0
1.9319943189620972,5.97434663772583,57.295799255371094,0.5999998450279236,-0.6093766093254089,-0.025489110499620438,0.03448495268821716,1.0000022649765015,1.0000026226043701,0.0,1.0,0.6108194589614868,-0.5937484502792358,1.7881393032936899e-09,0.0,0.0,0.9999973773956299,1.0000022649765015,1.0000026226043701,0.0,0.0,0.0,0.0,0.6005396842956543,0.6103499531745911,1.6636719703674316,-0.07067587971687317,-1.635791301727295,0.09257031977176666,0.0,0.0,0.0,0.0,1.0000022649765015,1.0000026226043701,0.059999980032444,-0.0025489141698926687,-0.05995497107505798,0.0034494518768042326,0.0,0.0,0.0,0.0,0.0,0.0,0.5999999642372131,0.9987263083457947,0.0
1.9361943006515503,5.97434663772583,57.295799255371094,0.5999998450279236,-0.6093766093254089,-0.025489110499620438,0.03448495268821716,1.0000022649765015,1.0000026226043701,0.0,1.0,0.6108194589614868,-0.5937484502792358,1.7881393032936899e-09,0.0,0.0,0.9999973773956299,1.0000022649765015,1.0000026226043701,0.0,0.0,0.0,0.0,0.6005396842956543,0.6103499531745911,1.6636719703674316,-0.07067587971687317,-1.635791301727295,0.09257031977176666,0.0,0.0,0.0,0.0,1.0000022649765015,1.0000026226043701,0.059999980032444,-0.0025489141698926687,-0.05995497107505798,0.0034494518768042326,0.0,0.0,0.0,0.0,0.0,0.0,0.5999999642372131,0.9987263083457947,0.0
1.9403942823410034,5.97434663772583,57.295799255371094,0.5999998450279236,-0.6093766093254089,-0.025489110499620438,0.03448495268821716,1.0000022649765015,1.0000026226043701,0.0,1.0,0.6108194589614868,-0.5937484502792358,1.7881393032936899e-09,0.0,0.0,0.9999973773956299,1.0000022649765015,1.0000026226043701,0.0,0.0,0.0,0.0,0.6005396842956543,0.6103499531745911,1.6636719703674316,-0.07067587971687317,-1.635791301727295,0.09257031977176666,0.0,0.0,0.0,0.0,1.0000022649765015,1.0000026226043701,0.059999980032444,-0.0025489141698926687,-0.05995497107505798,0.0034494518768042326,0.0,0.0,0.0,0.0,0.0,0.0,0.5999999642372131,0.9987263083457947,0.0
1.9445942640304565,5.97434663772583,57.295799255371094,0.5999998450279236,-0.6093766093254089,-0.025489110499620438,0.03448495268821716,1.0000022649765015,1.0000026226043701,0.0,1.0,0.6108194589614868,-0.5937484502792358,1.7881393032936899e-09,0.0,0.0,0.9999973773956299,1.0000022649765015,1.0000026226043701,0.0,0.0,0.0,0.0,0.6005396842956543,0.6103499531745911,1.6636719703674316,-0.07067587971687317,-1.635791301727295,0.09257031977176666,0.0,0.0,0.0,0.0,1.0000022649765015,1.0000026226043701,0.059999980032444,-0.0025489141698926687,-0.05995497107505798,0.0034494518768042326,0.0,0.0,0.0,0.0,0.0,0.0,0.5999999642372131,0.9987263083457947,0.0
1.9487942457199097,5.97434663772583,57.295799255371094,0.5999998450279236,-0.6093766093254089,-0.025489110499620438,0.03448495268821716,1.0000022649765015,1.0000026226043701,0.0,1.0,0.6108194589614868,-0.5937484502792358,1.7881393032936899e-09,0.0,0.0,0.9999973773956299,1.0000022649765015,1.0000026226043701,0.0,0.0,0.0,0.0,0.6005396842956543,0.6103499531745911,1.6636719703674316,-0.07067587971687317,-1.635791301727295,0.09257031977176666,0.0,0.0,0.0,0.0,1.0000022649765015,1.0000026226043701,0.059999980032444,-0.0025489141698926687,-0.05995497107505798,0.0034494518768042326,0.0,0.0,0.0,0.0,0.0,0.0,0.5999999642372131,0.9987263083457947,0.0
1.9529942274093628,5.97434663772583,57.295799255371094,0.5999998450279236,-0.6093766093254089,-0.025489110499620438,0.03448495268821716,1.0000022649765015,1.0000026226043701,0.0,1.0,0.6108194589614868,-0.5937484502792358,1.7881393032936899e-09,0.0,0.0,0.9999973773956299,1.0000022649765015,1.0000026226043701,0.0,0.0,0.0,0.0,0.6005396842956543,0.6103499531745911,1.6636719703674316,-0.07067587971687317,-1.635791301727295,0.09257031977176666,0.0,0.0,0.0,0.0,1.0000022649765015,1.0000026226043701,0.059999980032444,-0.0025489141698926687,-0.05995497107505798,0.0034494518768042326,0.0,0.0,0.0,0.0,0.0,0.0,0.5999999642372131,0.9987263083457947,0.0
1.957194209098816,5.97434663772583,57.295799255371094,0.5999998450279236,-0.6093766093254089,-0.025489110499620438,0.03448495268821716,1.0000022649765015,1.0000026226043701,0.0,1.0,0.6108194589614868,-0.5937484502792358,1.7881393032936899e-09,0.0,0.0,0.9999973773956299,1.0000022649765015,1.0000026226043701,0.0,0.0,0.0,0.0,0.6005396842956543,0.6103499531745911,1.6636719703674316,-0.07067587971687317,-1.635791301727295,0.09257031977176666,0.0,0.0,0.0,0.0,1.0000022649765015,1.0000026226043701,0.059999980032444,-0.0025489141698926687,-0.05995497107505798,0.0034494518768042326,0.0,0.0,0.0,0.0,0.0,0.0,0.5999999642372131,0.9987263083457947,0.0
1.961394190788269,5.97434663772583,57.295799255371094,0.5999998450279236,-0.6093766093254089,-0.025489110499620438,0.03448495268821716,1.0000022649765015,1.0000026226043701,0.0,1.0,0.6108194589614868,-0.5937484502792358,1.7881393032936899e-09,0.0,0.0,0.9999973773956299,1.0000022649765015,1.0000026226043701,0.0,0.0,0.0,0.0,0.6005396842956543,0.6103499531745911,1.6636719703674316,-0.07067587971687317,-1.635791301727295,0.09257031977176666,0.0,0.0,0.0,0.0,1.0000022649765015,1.0000026226043701,0.059999980032444,-0.0025489141698926687,-0.05995497107505798,0.0034494518768042326,0.0,0.0,0.0,0.0,0.0,0.0,0.5999999642372131,0.9987263083457947,0.0
1.9655941724777222,5.97434663772583,57.295799255371094,0.5999998450279236,-0.6093766093254089,-0.025489110499620438,0.03448495268821716,1.0000022649765015,1.0000026226043701,0.0,1.0,0.6108194589614868,-0.5937484502792358,1.7881393032936899e-09,0.0,0.0,0.9999973773956299,1.0000022649765015,1.0000026226043701,0.0,0.0,0.0,0.0,0.6005396842956543,0.6103499531745911,1.6636719703674316,-0.07067587971687317,-1.635791301727295,0.09257031977176666,0.0,0.0,0.0,0.0,1.0000022649765015,1.0000026226043701,0.059999980032444,-0.0025489141698926687,-0.05995497107505798,0.0034494518768042326,0.0,0.0,0.0,0.0,0.0,0.0,0.5999999642372131,0.9987263083457947,0.0
1.9697941541671753,5.97434663772583,57.295799255371094,0.5999998450279236,-0.6093766093254089,-0.025489110499620438,0.03448495268821716,1.0000022649765015,1.0000026226043701,0.0,1.0,0.6108194589614868,-0.5937484502792358,1.7881393032936899e-09,0.0,0.0,0.9999973773956299,1.0000022649765015,1.0000026226043701,0.0,0.0,0.0,0.0,0.6005396842956543,0.6103499531745911,1.6636719703674316,-0.07067587971687317,-1.635791301727295,0.09257031977176666,0.0,0.0,0.0,0.0,1.0000022649765015,1.0000026226043701,0.059999980032444,-0.0025489141698926687,-0.05995497107505798,0.0034494518768042326,0.0,0.0,0.0,0.0,0.0,0.0,0.5999999642372131,0.9987263083457947,0.0
1.9739941358566284,5.97434663772583,57.295799255371094,0.5999998450279236,-0.6093766093254089,-0.025489110499620438,0.03448495268821716,1.0000022649765015,1.0000026226043701,0.0,1.0,0.6108194589614868,-0.5937484502792358,1.7881393032936899e-09,0.0,0.0,0.9999973773956299,1.0000022649765015,1.0000026226043701,0.0,0.0,0.0,0.0,0.6005396842956543,0.6103499531745911,1.6636719703674316,-0.07067587971687317,-1.635791301727295,0.09257031977176666,0.0,0.0,0.0,0.0,1.0000022649765015,1.0000026226043701,0.059999980032444,-0.0025489141698926687,-0.05995497107505798,0.0034494518768042326,0.0,0.0,0.0,0.0,0.0,0.0,0.5999999642372131,0.9987263083457947,0.0
1.9781941175460815,5.97434663772583,57.295799255371094,0.5999998450279236,-0.6093766093254089,-0.025489110499620438,0.03448495268821716,1.0000022649765015,1.0000026226043701,0.0,1.0,0.6108194589614868,-0.5937484502792358,1.7881393032936899e-09,0.0,0.0,0.9999973773956299,1.0000022649765015,1.0000026226043701,0.0,0.0,0.0,0.0,0.6005396842956543,0.6103499531745911,1.6636719703674316,-0.07067587971687317,-1.635791301727295,0.09257031977176666,0.0,0.0,0.0,0.0,1.0000022649765015,1.0000026226043701,0.059999980032444,-0.0025489141698926687,-0.05995497107505798,0.0034494518768042326,0.0,0.0,0.0,0.0,0.0,0.0,0.5999999642372131,0.9987263083457947,0.0
1.9823940992355347,5.97434663772583,57.295799255371094,0.5999998450279236,-0.6093766093254089,-0.025489110499620438,0.03448495268821716,1.0000022649765015,1.0000026226043701,0.0,1.0,0.6108194589614868,-0.5937484502792358,1.7881393032936899e-09,0.0,0.0,0.9999973773956299,1.0000022649765015,1.0000026226043701,0.0,0.0,0.0,0.0,0.6005396842956543,0.6103499531745911,1.6636719703674316,-0.07067587971687317,-1.635791301727295,0.09257031977176666,0.0,0.0,0.0,0.0,1.0000022649765015,1.0000026226043701,0.059999980032444,-0.0025489141698926687,-0.05995497107505798,0.0034494518768042326,0.0,0.0,0.0,0.0,0.0,0.0,0.5999999642372131,0.9987263083457947,0.0
1.9865940809249878,5.97434663772583,57.295799255371094,0.5999998450279236,-0.6093766093254089,-0.025489110499620438,0.03448495268821716,1.0000022649765015,1.0000026226043701,0.0,1.0,0.6108194589614868,-0.5937484502792358,1.7881393032936899e-09,0.0,0.0,0.9999973773956299,1.0000022649765015,1.0000026226043701,0.0,0.0,0.0,0.0,0.6005396842956543,0.6103499531745911,1.6636719703674316,-0.07067587971687317,-1.635791301727295,0.09257031977176666,0.0,0.0,0.0,0.0,1.0000022649765015,1.0000026226043701,0.059999980032444,-0.0025489141698926687,-0.05995497107505798,0.0034494518768042326,0.0,0.0,0.0,0.0,0.0,0.0,0.5999999642372131,0.9987263083457947,0.0
1.990794062614441,5.97434663772583,57.295799255371094,0.5999998450279236,-0.6093766093254089,-0.025489110499620438,0.03448495268821716,1.0000022649765015,1.0000026226043701,0.0,1.0,0.6108194589614868,-0.5937484502792358,1.7881393032936899e-09,0.0,0.0,0.9999973773956299,1.0000022649765015,1.0000026226043701,0.0,0.0,0.0,0.0,0.6005396842956543,0.6103499531745911,1.6636719703674316,-0.07067587971687317,-1.635791301727295,0.09257031977176666,0.0,0.0,0.0,0.0,1.0000022649765015,1.0000026226043701,0.059999980032444,-0.0025489141698926687,-0.05995497107505798,0.0034494518768042326,0.0,0.0,0.0,0.0,0.0,0.0,0.5999999642372131,0.9987263083457947,0.0
1.994994044303894,5.97434663772583,57.295799255371094,0.5999998450279236,-0.6093766093254089,-0.025489110499620438,0.03448495268821716,1.0000022649765015,1.0000026226043701,0.0,1.0,0.6108194589614868,-0.5937484502792358,1.7881393032936899e-09,0.0,0.0,0.9999973773956299,1.0000022649765015,1.0000026226043701,0.0,0.0,0.0,0.0,0.6005396842956543,0.6103499531745911,1.6636719703674316,-0.07067587971687317,-1.635791301727295,0.09257031977176666,0.0,0.0,0.0,0.0,1.0000022649765015,1.0000026226043701,0.059999980032444,-0.0025489141698926687,-0.05995497107505798,0.0034494518768042326,0.0,0.0,0.0,0.0,0.0,0.0,0.5999999642372131,0.9987263083457947,0.0
1.9991940259933472,5.97434663772583,57.295799255371094,0.5999998450279236,-0.6093766093254089,-0.025489110499620438,0.03448495268821716,1.0000022649765015,1.0000026226043701,0.0,1.0,0.6108194589614868,-0.5937484502792358,1.7881393032936899e-09,0.0,0.0,0.9999973773956299,1.0000022649765015,1.0000026226043701,0.0,0.0,0.0,0.0,0.6005396842956543,0.6103499531745911,1.6636719703674316,-0.07067587971687317,-1.635791301727295,0.09257031977176666,0.0,0.0,0.0,0.0,1.0000022649765015,1.0000026226043701,0.059999980032444,-0.0025489141698926687,-0.05995497107505798,0.0034494518768042326,0.0,0.0,0.0,0.0,0.0,0.0,0.5999999642372131,0.9987263083457947,0.0
2.00339412689209,5.97434663772583,57.295799255371094,0.5999998450279236,-0.6093766093254089,-0.025489110499620438,0.03448495268821716,1.0000022649765015,1.0000026226043701,0.0,1.0,0.6108194589614868,-0.5937484502792358,1.7881393032936899e-09,0.0,0.0,0.9999973773956299,1.0000022649765015,1.0000026226043701,0.0,0.0,0.0,0.0,0.6005396842956543,0.6103499531745911,1.6636719703674316,-0.07067587971687317,-1.635791301727295,0.09257031977176666,0.0,0.0,0.0,0.0,1.0000022649765015,1.0000026226043701,0.059999980032444,-0.0025489141698926687,-0.05995497107505798,0.0034494518768042326,0.0,0.0,0.0,0.0,0.0,0.0,0.5999999642372131,0.9987263083457947,0.0
2.007594108581543,5.97434663772583,57.295799255371094,0.5999998450279236,-0.6093766093254089,-0.025489110499620438,0.03448495268821716,1.0000022649765015,1.0000026226043701,0.0,1.0,0.6108194589614868,-0.5937484502792358,1.7881393032936899e-09,0.0,0.0,0.9999973773956299,1.0000022649765015,1.0000026226043701,0.0,0.0,0.0,0.0,0.6005396842956543,0.6103499531745911,1.6636719703674316,-0.07067587971687317,-1.635791301727295,0.09257031977176666,0.0,0.0,0.0,0.0,1.0000022649765015,1.0000026226043701,0.059999980032444,-0.0025489141698926687,-0.05995497107505798,0.0034494518768042326,0.0,0.0,0.0,0.0,0.0,0.0,0.5999999642372131,0.9987263083457947,0.0
2.011794090270996,5.97434663772583,57.295799255371094,0.5999998450279236,-0.6093766093254089,-0.025489110499620438,0.03448495268821716,1.0000022649765015,1.0000026226043701,0.0,1.0,0.6108194589614868,-0.5937484502792358,1.7881393032936899e-09,0.0,0.0,0.9999973773956299,1.0000022649765015,1.0000026226043701,0.0,0.0,0.0,0.0,0.6005396842956543,0.6103499531745911,1.6636719703674316,-0.07067587971687317,-1.635791301727295,0.09257031977176666,0.0,0.0,0.0,0.0,1.0000022649765015,1.0000026226043701,0.059999980032444,-0.0025489141698926687,-0.05995497107505798,0.0034494518768042326,0.0,0.0,0.0,0.0,0.0,0.0,0.5999999642372131,0.9987263083457947,0.0
2.015994071960449,5.97434663772583,57.295799255371094,0.5999998450279236,-0.6093766093254089,-0.025489110499620438,0.03448495268821716,1.0000022649765015,1.0000026226043701,0.0,1.0,0.6108194589614868,-0.5937484502792358,1.7881393032936899e-09,0.0,0.0,0.9999973773956299,1.0000022649765015,1.0000026226043701,0.0,0.0,0.0,0.0,0.6005396842956543,0.6103499531745911,1.6636719703674316,-0.07067587971687317,-1.635791301727295,0.09257031977176666,0.0,0.0,0.0,0.0,1.0000022649765015,1.0000026226043701,0.059999980032444,-0.0025489141698926687,-0.05995497107505798,0.0034494518768042326,0.0,0.0,0.0,0.0,0.0,0.0,0.5999999642372131,0.9987263083457947,0.0
2.0201940536499023,5.97434663772583,57.295799255371094,0.5999998450279236,-0.6093766093254089,-0.025489110499620438,0.03448495268821716,1.0000022649765015,1.0000026226043701,0.0,1.0,0.6108194589614868,-0.5937484502792358,1.7881393032936899e-09,0.0,0.0,0.9999973773956299,1.0000022649765015,1.0000026226043701,0.0,0.0,0.0,0.0,0.6005396842956543,0.6103499531745911,1.6636719703674316,-0.07067587971687317,-1.635791301727295,0.09257031977176666,0.0,0.0,0.0,0.0,1.0000022649765015,1.0000026226043701,0.059999980032444,-0.0025489141698926687,-0.05995497107505798,0.0034494518768042326,0.0,0.0,0.0,0.0,0.0,0.0,0.5999999642372131,0.9987263083457947,0.0
2.0243940353393555,5.97434663772583,57.295799255371094,0.5999998450279236,-0.6093766093254089,-0.025489110499620438,0.03448495268821716,1.0000022649765015,1.0000026226043701,0.0,1.0,0.6108194589614868,-0.5937484502792358,1.7881393032936899e-09,0.0,0.0,0.9999973773956299,1.0000022649765015,1.0000026226043701,0.0,0.0,0.0,0.0,0.6005396842956543,0.6103499531745911,1.6636719703674316,-0.07067587971687317,-1.635791301727295,0.09257031977176666,0.0,0.0,0.0,0.0,1.0000022649765015,1.0000026226043701,0.059999980032444,-0.0025489141698926687,-0.05995497107505798,0.0034494518768042326,0.0,0.0,0.0,0.0,0.0,0.0,0.5999999642372131,0.9987263083457947,0.0
2.0285940170288086,5.97434663772583,57.295799255371094,0.5999998450279236,-0.6093766093254089,-0.025489110499620438,0.03448495268821716,1.0000022649765015,1.0000026226043701,0.0,1.0,0.6108194589614868,-0.5937484502792358,1.7881393032936899e-09,0.0,0.0,0.9999973773956299,1.0000022649765015,1.0000026226043701,0.0,0.0,0.0,0.0,0.6005396842956543,0.6103499531745911,1.6636719703674316,-0.07067587971687317,-1.635791301727295,0.09257031977176666,0.0,0.0,0.0,0.0,1.0000022649765015,1.0000026226043701,0.059999980032444,-0.0025489141698926687,-0.05995497107505798,0.0034494518768042326,0.0,0.0,0.0,0.0,0.0,0.0,0.5999999642372131,0.9987263083457947,0.0
2.0327939987182617,5.97434663772583,57.295799255371094,0.5999998450279236,-0.6093766093254089,-0.025489110499620438,0.03448495268821716,1.0000022649765015,1.0000026226043701,0.0,1.0,0.6108194589614868,-0.5937484502792358,1.7881393032936899e-09,0.0,0.0,0.9999973773956299,1.0000022649765015,1.0000026226043701,0.0,0.0,0.0,0.0,0.6005396842956543,0.6103499531745911,1.6636719703674316,-0.07067587971687317,-1.635791301727295,0.09257031977176666,0.0,0.0,0.0,0.0,1.0000022649765015,1.0000026226043701,0.059999980032444,-0.0025489141698926687,-0.05995497107505798,0.0034494518768042326,0.0,0.0,0.0,0.0,0.0,0.0,0.5999999642372131,0.9987263083457947,0.0
2.036993980407715,5.97434663772583,57.295799255371094,0.5999998450279236,-0.6093766093254089,-0.025489110499620438,0.03448495268821716,1.0000022649765015,1.0000026226043701,0.0,1.0,0.6108194589614868,-0.5937484502792358,1.7881393032936899e-09,0.0,0.0,0.9999973773956299,1.0000022649765015,1.0000026226043701,0.0,0.0,0.0,0.0,0.6005396842956543,0.6103499531745911,1.6636719703674316,-0.07067587971687317,-1.635791301727295,0.09257031977176666,0.0,0.0,0.0,0.0,1.0000022649765015,1.0000026226043701,0.059999980032444,-0.0025489141698926687,-0.05995497107505798,0.0034494518768042326,0.0,0.0,0.0,0.0,0.0,0.0,0.5999999642372131,0.9987263083457947,0.0
2.041193962097168,5.97434663772583,57.295799255371094,0.5999998450279236,-0.6093766093254089,-0.025489110499620438,0.03448495268821716,1.0000022649765015,1.0000026226043701,0.0,1.0,0.6108194589614868,-0.5937484502792358,1.7881393032936899e-09,0.0,0.0,0.9999973773956299,1.0000022649765015,1.0000026226043701,0.0,0.0,0.0,0.0,0.6005396842956543,0.6103499531745911,1.6636719703674316,-0.07067587971687317,-1.635791301727295,0.09257031977176666,0.0,0.0,0.0,0.0,1.0000022649765015,1.0000026226043701,0.059999980032444,-0.0025489141698926687,-0.05995497107505798,0.0034494518768042326,0.0,0.0,0.0,0.0,0.0,0.0,0.5999999642372131,0.9987263083457947,0.0
2.045393943786621,5.97434663772583,57.295799255371094,0.5999998450279236,-0.6093766093254089,-0.025489110499620438,0.03448495268821716,1.0000022649765015,1.0000026226043701,0.0,1.0,0.6108194589614868,-0.5937484502792358,1.7881393032936899e-09,0.0,0.0,0.9999973773956299,1.0000022649765015,1.0000026226043701,0.0,0.0,0.0,0.0,0.6005396842956543,0.6103499531745911,1.6636719703674316,-0.07067587971687317,-1.635791301727295,0.09257031977176666,0.0,0.0,0.0,0.0,1.0000022649765015,1.0000026226043701,0.059999980032444,-0.0025489141698926687,-0.05995497107505798,0.0034494518768042326,0.0,0.0,0.0,0.0,0.0,0.0,0.5999999642372131,0.9987263083457947,0.0
2.049593925476074,5.97434663772583,57.295799255371094,0.5999998450279236,-0.6093766093254089,-0.025489110499620438,0.03448495268821716,1.0000022649765015,1.0000026226043701,0.0,1.0,0.6108194589614868,-0.5937484502792358,1.7881393032936899e-09,0.0,0.0,0.9999973773956299,1.0000022649765015,1.0000026226043701,0.0,0.0,0.0,0.0,0.6005396842956543,0.6103499531745911,1.6636719703674316,-0.07067587971687317,-1.635791301727295,0.09257031977176666,0.0,0.0,0.0,0.0,1.0000022649765015,1.0000026226043701,0.059999980032444,-0.0025489141698926687,-0.05995497107505798,0.0034494518768042326,0.0,0.0,0.0,0.0,0.0,0.0,0.5999999642372131,0.9987263083457947,0.0
2.0537939071655273,5.97434663772583,57.295799255371094,0.5999998450279236,-0.6093766093254089,-0.025489110499620438,0.03448495268821716,1.0000022649765015,1.0000026226043701,0.0,1.0,0.6108194589614868,-0.5937484502792358,1.7881393032936899e-09,0.0,0.0,0.9999973773956299,1.0000022649765015,1.0000026226043701,0.0,0.0,0.0,0.0,0.6005396842956543,0.6103499531745911,1.6636719703674316,-0.07067587971687317,-1.635791301727295,0.09257031977176666,0.0,0.0,0.0,0.0,1.0000022649765015,1.0000026226043701,0.059999980032444,-0.0025489141698926687,-0.05995497107505798,0.0034494518768042326,0.0,0.0,0.0,0.0,0.0,0.0,0.5999999642372131,0.9987263083457947,0.0
2.0579938888549805,5.97434663772583,57.295799255371094,0.5999998450279236,-0.6093766093254089,-0.025489110499620438,0.03448495268821716,1.0000022649765015,1.0000026226043701,0.0,1.0,0.6108194589614868,-0.5937484502792358,1.7881393032936899e-09,0.0,0.0,0.9999973773956299,1.0000022649765015,1.0000026226043701,0.0,0.0,0.0,0.0,0.6005396842956543,0.6103499531745911,1.6636719703674316,-0.07067587971687317,-1.635791301727295,0.09257031977176666,0.0,0.0,0.0,0.0,1.0000022649765015,1.0000026226043701,0.059999980032444,-0.0025489141698926687,-0.05995497107505798,0.0034494518768042326,0.0,0.0,0.0,0.0,0.0,0.0,0.5999999642372131,0.9987263083457947,0.0
2.0621938705444336,5.97434663772583,57.295799255371094,0.5999998450279236,-0.6093766093254089,-0.025489110499620438,0.03448495268821716,1.0000022649765015,1.0000026226043701,0.0,1.0,0.6108194589614868,-0.5937484502792358,1.7881393032936899e-09,0.0,0.0,0.9999973773956299,1.0000022649765015,1.0000026226043701,0.0,0.0,0.0,0.0,0.6005396842956543,0.6103499531745911,1.6636719703674316,-0.07067587971687317,-1.635791301727295,0.09257031977176666,0.0,0.0,0.0,0.0,1.0000022649765015,1.0000026226043701,0.059999980032444,-0.0025489141698926687,-0.05995497107505798,0.0034494518768042326,0.0,0.0,0.0,0.0,0.0,0.0,0.5999999642372131,0.9987263083457947,0.0
2.0663938522338867,5.97434663772583,57.295799255371094,0.5999998450279236,-0.6093766093254089,-0.025489110499620438,0.03448495268821716,1.0000022649765015,1.0000026226043701,0.0,1.0,0.6108194589614868,-0.5937484502792358,1.7881393032936899e-09,0.0,0.0,0.9999973773956299,1.0000022649765015,1.0000026226043701,0.0,0.0,0.0,0.0,0.6005396842956543,0.6103499531745911,1.6636719703674316,-0.07067587971687317,-1.635791301727295,0.09257031977176666,0.0,0.0,0.0,0.0,1.0000022649765015,1.0000026226043701,0.059999980032444,-0.0025489141698926687,-0.05995497107505798,0.0034494518768042326,0.0,0.0,0.0,0.0,0.0,0.0,0.5999999642372131,0.9987263083457947,0.0
2.07059383392334,5.97434663772583,57.295799255371094,0.5999998450279236,-0.6093766093254089,-0.025489110499620438,0.03448495268821716,1.0000022649765015,1.0000026226043701,0.0,1.0,0.6108194589614868,-0.5937484502792358,1.7881393032936899e-09,0.0,0.0,0.9999973773956299,1.0000022649765015,1.0000026226043701,0.0,0.0,0.0,0.0,0.6005396842956543,0.6103499531745911,1.6636719703674316,-0.07067587971687317,-1.635791301727295,0.09257031977176666,0.0,0.0,0.0,0.0,1.0000022649765015,1.0000026226043701,0.059999980032444,-0.0025489141698926687,-0.05995497107505798,0.0034494518768042326,0.0,0.0,0.0,0.0,0.0,0.0,0.5999999642372131,0.9987263083457947,0.0
2.074793815612793,5.97434663772583,57.295799255371094,0.5999998450279236,-0.6093766093254089,-0.025489110499620438,0.03448495268821716,1.0000022649765015,1.0000026226043701,0.0,1.0,0.6108194589614868,-0.5937484502792358,1.7881393032936899e-09,0.0,0.0,0.9999973773956299,1.0000022649765015,1.0000026226043701,0.0,0.0,0.0,0.0,0.6005396842956543,0.6103499531745911,1.6636719703674316,-0.07067587971687317,-1.635791301727295,0.09257031977176666,0.0,0.0,0.0,0.0,1.0000022649765015,1.0000026226043701,0.059999980032444,-0.0025489141698926687,-0.05995497107505798,0.0034494518768042326,0.0,0.0,0.0,0.0,0.0,0.0,0.5999999642372131,0.9987263083457947,0.0
2.078993797302246,5.97434663772583,57.295799255371094,0.5999998450279236,-0.6093766093254089,-0.025489110499620438,0.03448495268821716,1.0000022649765015,1.0000026226043701,0.0,1.0,0.6108194589614868,-0.5937484502792358,1.7881393032936899e-09,0.0,0.0,0.9999973773956299,1.0000022649765015,1.0000026226043701,0.0,0.0,0.0,0.0,0.6005396842956543,0.6103499531745911,1.6636719703674316,-0.07067587971687317,-1.635791301727295,0.09257031977176666,0.0,0.0,0.0,0.0,1.0000022649765015,1.0000026226043701,0.059999980032444,-0.0025489141698926687,-0.05995497107505798,0.0034494518768042326,0.0,0.0,0.0,0.0,0.0,0.0,0.5999999642372131,0.9987263083457947,0.0
2.083193778991699,5.97434663772583,57.295799255371094,0.5999998450279236,-0.6093766093254089,-0.025489110499620438,0.03448495268821716,1.0000022649765015,1.0000026226043701,0.0,1.0,0.6108194589614868,-0.5937484502792358,1.7881393032936899e-09,0.0,0.0,0.9999973773956299,1.0000022649765015,1.0000026226043701,0.0,0.0,0.0,0.0,0.6005396842956543,0.6103499531745911,1.6636719703674316,-0.07067587971687317,-1.635791301727295,0.09257031977176666,0.0,0.0,0.0,0.0,1.0000022649765015,1.0000026226043701,0.059999980032444,-0.0025489141698926687,-0.05995497107505798,0.0034494518768042326,0.0,0.0,0.0,0.0,0.0,0.0,0.5999999642372131,0.9987263083457947,0.0
2.0873937606811523,5.97434663772583,57.295799255371094,0.5999998450279236,-0.6093766093254089,-0.025489110499620438,0.03448495268821716,1.0000022649765015,1.0000026226043701,0.0,1.0,0.6108194589614868,-0.5937484502792358,1.7881393032936899e-09,0.0,0.0,0.9999973773956299,1.0000022649765015,1.0000026226043701,0.0,0.0,0.0,0.0,0.6005396842956543,0.6103499531745911,1.6636719703674316,-0.07067587971687317,-1.635791301727295,0.09257031977176666,0.0,0.0,0.0,0.0,1.0000022649765015,1.0000026226043701,0.059999980032444,-0.0025489141698926687,-0.05995497107505798,0.0034494518768042326,0.0,0.0,0.0,0.0,0.0,0.0,0.5999999642372131,0.9987263083457947,0.0
2.0915937423706055,5.97434663772583,57.295799255371094,0.5999998450279236,-0.6093766093254089,-0.025489110499620438,0.03448495268821716,1.0000022649765015,1.0000026226043701,0.0,1.0,0.6108194589614868,-0.5937484502792358,1.7881393032936899e-09,0.0,0.0,0.9999973773956299,1.0000022649765015,1.0000026226043701,0.0,0.0,0.0,0.0,0.6005396842956543,0.6103499531745911,1.6636719703674316,-0.07067587971687317,-1.635791301727295,0.09257031977176666,0.0,0.0,0.0,0.0,1.0000022649765015,1.0000026226043701,0.059999980032444,-0.0025489141698926687,-0.05995497107505798,0.0034494518768042326,0.0,0.0,0.0,0.0,0.0,0.0,0.5999999642372131,0.9987263083457947,0.0
2.0957937240600586,5.97434663772583,57.295799255371094,0.5999998450279236,-0.6093766093254089,-0.025489110499620438,0.03448495268821716,1.0000022649765015,1.0000026226043701,0.0,1.0,0.6108194589614868,-0.5937484502792358,1.7881393032936899e-09,0.0,0.0,0.9999973773956299,1.0000022649765015,1.0000026226043701,0.0,0.0,0.0,0.0,0.6005396842956543,0.6103499531745911,1.6636719703674316,-0.07067587971687317,-1.635791301727295,0.09257031977176666,0.0,0.0,0.0,0.0,1.0000022649765015,1.0000026226043701,0.059999980032444,-0.0025489141698926687,-0.05995497107505798,0.0034494518768042326,0.0,0.0,0.0,0.0,0.0,0.0,0.5999999642372131,0.9987263083457947,0.0
2.0999937057495117,5.97434663772583,57.295799255371094,0.5999998450279236,-0.6093766093254089,-0.025489110499620438,0.03448495268821716,1.0000022649765015,1.0000026226043701,0.0,1.0,0.6108194589614868,-0.5937484502792358,1.7881393032936899e-09,0.0,0.0,0.9999973773956299,1.0000022649765015,1.0000026226043701,0.0,0.0,0.0,0.0,0.6005396842956543,0.6103499531745911,1.6636719703674316,-0.07067587971687317,-1.635791301727295,0.09257031977176666,0.0,0.0,0.0,0.0,1.0000022649765015,1.0000026226043701,0.059999980032444,-0.0025489141698926687,-0.05995497107505798,0.0034494518768042326,0.0,0.0,0.0,0.0,0.0,0.0,0.5999999642372131,0.9987263083457947,0.0
2.104193687438965,5.97434663772583,57.295799255371094,0.5999998450279236,-0.6093766093254089,-0.025489110499620438,0.03448495268821716,1.0000022649765015,1.0000026226043701,0.0,1.0,0.6108194589614868,-0.5937484502792358,1.7881393032936899e-09,0.0,0.0,0.9999973773956299,1.0000022649765015,1.0000026226043701,0.0,0.0,0.0,0.0,0.6005396842956543,0.6103499531745911,1.6636719703674316,-0.07067587971687317,-1.635791301727295,0.09257031977176666,0.0,0.0,0.0,0.0,1.0000022649765015,1.0000026226043701,0.059999980032444,-0.0025489141698926687,-0.05995497107505798,0.0034494518768042326,0.0,0.0,0.0,0.0,0.0,0.0,0.5999999642372131,0.9987263083457947,0.0
2.108393669128418,5.97434663772583,57.295799255371094,0.5999998450279236,-0.6093766093254089,-0.025489110499620438,0.03448495268821716,1.0000022649765015,1.0000026226043701,0.0,1.0,0.6108194589614868,-0.5937484502792358,1.7881393032936899e-09,0.0,0.0,0.9999973773956299,1.0000022649765015,1.0000026226043701,0.0,0.0,0.0,0.0,0.6005396842956543,0.6103499531745911,1.6636719703674316,-0.07067587971687317,-1.635791301727295,0.09257031977176666,0.0,0.0,0.0,0.0,1.0000022649765015,1.0000026226043701,0.059999980032444,-0.0025489141698926687,-0.05995497107505798,0.0034494518768042326,0.0,0.0,0.0,0.0,0.0,0.0,0.5999999642372131,0.9987263083457947,0.0
2.112593650817871,5.97434663772583,57.295799255371094,0.5999998450279236,-0.6093766093254089,-0.025489110499620438,0.03448495268821716,1.0000022649765015,1.0000026226043701,0.0,1.0,0.6108194589614868,-0.5937484502792358,1.7881393032936899e-09,0.0,0.0,0.9999973773956299,1.0000022649765015,1.0000026226043701,0.0,0.0,0.0,0.0,0.6005396842956543,0.6103499531745911,1.6636719703674316,-0.07067587971687317,-1.635791301727295,0.09257031977176666,0.0,0.0,0.0,0.0,1.0000022649765015,1.0000026226043701,0.059999980032444,-0.0025489141698926687,-0.05995497107505798,0.0034494518768042326,0.0,0.0,0.0,0.0,0.0,0.0,0.5999999642372131,0.9987263083457947,0.0
2.116793632507324,5.97434663772583,57.295799255371094,0.5999998450279236,-0.6093766093254089,-0.025489110499620438,0.03448495268821716,1.0000022649765015,1.0000026226043701,0.0,1.0,0.6108194589614868,-0.5937484502792358,1.7881393032936899e-09,0.0,0.0,0.9999973773956299,1.0000022649765015,1.0000026226043701,0.0,0.0,0.0,0.0,0.6005396842956543,0.6103499531745911,1.6636719703674316,-0.07067587971687317,-1.635791301727295,0.09257031977176666,0.0,0.0,0.0,0.0,1.0000022649765015,1.0000026226043701,0.059999980032444,-0.0025489141698926687,-0.05995497107505798,0.0034494518768042326,0.0,0.0,0.0,0.0,0.0,0.0,0.5999999642372131,0.9987263083457947,0.0
2.1209936141967773,5.97434663772583,57.295799255371094,0.5999998450279236,-0.6093766093254089,-0.025489110499620438,0.03448495268821716,1.0000022649765015,1.0000026226043701,0.0,1.0,0.6108194589614868,-0.5937484502792358,1.7881393032936899e-09,0.0,0.0,0.9999973773956299,1.0000022649765015,1.0000026226043701,0.0,0.0,0.0,0.0,0.6005396842956543,0.6103499531745911,1.6636719703674316,-0.07067587971687317,-1.635791301727295,0.09257031977176666,0.0,0.0,0.0,0.0,1.0000022649765015,1.0000026226043701,0.059999980032444,-0.0025489141698926687,-0.05995497107505798,0.0034494518768042326,0.0,0.0,0.0,0.0,0.0,0.0,0.5999999642372131,0.9987263083457947,0.0
2.1251935958862305,5.97434663772583,57.295799255371094,0.5999998450279236,-0.6093766093254089,-0.025489110499620438,0.03448495268821716,1.0000022649765015,1.0000026226043701,0.0,1.0,0.6108194589614868,-0.5937484502792358,1.7881393032936899e-09,0.0,0.0,0.9999973773956299,1.0000022649765015,1.0000026226043701,0.0,0.0,0.0,0.0,0.6005396842956543,0.6103499531745911,1.6636719703674316,-0.07067587971687317,-1.635791301727295,0.09257031977176666,0.0,0.0,0.0,0.0,1.0000022649765015,1.0000026226043701,0.059999980032444,-0.0025489141698926687,-0.05995497107505798,0.0034494518768042326,0.0,0.0,0.0,0.0,0.0,0.0,0.5999999642372131,0.9987263083457947,0.0
2.1293935775756836,5.97434663772583,57.295799255371094,0.5999998450279236,-0.6093766093254089,-0.025489110499620438,0.03448495268821716,1.0000022649765015,1.0000026226043701,0.0,1.0,0.6108194589614868,-0.5937484502792358,1.7881393032936899e-09,0.0,0.0,0.9999973773956299,1.0000022649765015,1.0000026226043701,0.0,0.0,0.0,0.0,0.6005396842956543,0.6103499531745911,1.6636719703674316,-0.07067587971687317,-1.635791301727295,0.09257031977176666,0.0,0.0,0.0,0.0,1.0000022649765015,1.0000026226043701,0.059999980032444,-0.0025489141698926687,-0.05995497107505798,0.0034494518768042326,0.0,0.0,0.0,0.0,0.0,0.0,0.5999999642372131,0.9987263083457947,0.0
2.1335935592651367,5.97434663772583,57.295799255371094,0.5999998450279236,-0.6093766093254089,-0.025489110499620438,0.03448495268821716,1.0000022649765015,1.0000026226043701,0.0,1.0,0.6108194589614868,-0.5937484502792358,1.7881393032936899e-09,0.0,0.0,0.9999973773956299,1.0000022649765015,1.0000026226043701,0.0,0.0,0.0,0.0,0.6005396842956543,0.6103499531745911,1.6636719703674316,-0.07067587971687317,-1.635791301727295,0.09257031977176666,0.0,0.0,0.0,0.0,1.0000022649765015,1.0000026226043701,0.059999980032444,-0.0025489141698926687,-0.05995497107505798,0.0034494518768042326,0.0,0.0,0.0,0.0,0.0,0.0,0.5999999642372131,0.9987263083457947,0.0
2.13779354095459,5.97434663772583,57.295799255371094,0.5999998450279236,-0.6093766093254089,-0.025489110499620438,0.03448495268821716,1.0000022649765015,1.0000026226043701,0.0,1.0,0.6108194589614868,-0.5937484502792358,1.7881393032936899e-09,0.0,0.0,0.9999973773956299,1.0000022649765015,1.0000026226043701,0.0,0.0,0.0,0.0,0.6005396842956543,0.6103499531745911,1.6636719703674316,-0.07067587971687317,-1.635791301727295,0.09257031977176666,0.0,0.0,0.0,0.0,1.0000022649765015,1.0000026226043701,0.059999980032444,-0.0025489141698926687,-0.05995497107505798,0.0034494518768042326,0.0,0.0,0.0,0.0,0.0,0.0,0.5999999642372131,0.9987263083457947,0.0
2.141993522644043,5.97434663772583,57.295799255371094,0.5999998450279236,-0.6093766093254089,-0.025489110499620438,0.03448495268821716,1.0000022649765015,1.0000026226043701,0.0,1.0,0.6108194589614868,-0.5937484502792358,1.7881393032936899e-09,0.0,0.0,0.9999973773956299,1.0000022649765015,1.0000026226043701,0.0,0.0,0.0,0.0,0.6005396842956543,0.6103499531745911,1.6636719703674316,-0.07067587971687317,-1.635791301727295,0.09257031977176666,0.0,0.0,0.0,0.0,1.0000022649765015,1.0000026226043701,0.059999980032444,-0.0025489141698926687,-0.05995497107505798,0.0034494518768042326,0.0,0.0,0.0,0.0,0.0,0.0,0.5999999642372131,0.9987263083457947,0.0
2.146193504333496,5.97434663772583,57.295799255371094,0.5999998450279236,-0.6093766093254089,-0.025489110499620438,0.03448495268821716,1.0000022649765015,1.0000026226043701,0.0,1.0,0.6108194589614868,-0.5937484502792358,1.7881393032936899e-09,0.0,0.0,0.9999973773956299,1.0000022649765015,1.0000026226043701,0.0,0.0,0.0,0.0,0.6005396842956543,0.6103499531745911,1.6636719703674316,-0.07067587971687317,-1.635791301727295,0.09257031977176666,0.0,0.0,0.0,0.0,1.0000022649765015,1.0000026226043701,0.059999980032444,-0.0025489141698926687,-0.05995497107505798,0.0034494518768042326,0.0,0.0,0.0,0.0,0.0,0.0,0.5999999642372131,0.9987263083457947,0.0
2.150393486022949,5.97434663772583,57.295799255371094,0.5999998450279236,-0.6093766093254089,-0.025489110499620438,0.03448495268821716,1.0000022649765015,1.0000026226043701,0.0,1.0,0.6108194589614868,-0.5937484502792358,1.7881393032936899e-09,0.0,0.0,0.9999973773956299,1.0000022649765015,1.0000026226043701,0.0,0.0,0.0,0.0,0.6005396842956543,0.6103499531745911,1.6636719703674316,-0.07067587971687317,-1.635791301727295,0.09257031977176666,0.0,0.0,0.0,0.0,1.0000022649765015,1.0000026226043701,0.059999980032444,-0.0025489141698926687,-0.05995497107505798,0.0034494518768042326,0.0,0.0,0.0,0.0,0.0,0.0,0.5999999642372131,0.9987263083457947,0.0
2.1545934677124023,5.97434663772583,57.295799255371094,0.5999998450279236,-0.6093766093254089,-0.025489110499620438,0.03448495268821716,1.0000022649765015,1.0000026226043701,0.0,1.0,0.6108194589614868,-0.5937484502792358,1.7881393032936899e-09,0.0,0.0,0.9999973773956299,1.0000022649765015,1.0000026226043701,0.0,0.0,0.0,0.0,0.6005396842956543,0.6103499531745911,1.6636719703674316,-0.07067587971687317,-1.635791301727295,0.09257031977176666,0.0,0.0,0.0,0.0,1.0000022649765015,1.0000026226043701,0.059999980032444,-0.0025489141698926687,-0.05995497107505798,0.0034494518768042326,0.0,0.0,0.0,0.0,0.0,0.0,0.5999999642372131,0.9987263083457947,0.0
2.1587934494018555,5.97434663772583,57.295799255371094,0.5999998450279236,-0.6093766093254089,-0.025489110499620438,0.03448495268821716,1.0000022649765015,1.0000026226043701,0.0,1.0,0.6108194589614868,-0.5937484502792358,1.7881393032936899e-09,0.0,0.0,0.9999973773956299,1.0000022649765015,1.0000026226043701,0.0,0.0,0.0,0.0,0.6005396842956543,0.6103499531745911,1.6636719703674316,-0.07067587971687317,-1.635791301727295,0.09257031977176666,0.0,0.0,0.0,0.0,1.0000022649765015,1.0000026226043701,0.059999980032444,-0.0025489141698926687,-0.05995497107505798,0.0034494518768042326,0.0,0.0,0.0,0.0,0.0,0.0,0.5999999642372131,0.9987263083457947,0.0
2.1629934310913086,5.97434663772583,57.295799255371094,0.5999998450279236,-0.6093766093254089,-0.025489110499620438,0.03448495268821716,1.0000022649765015,1.0000026226043701,0.0,1.0,0.6108194589614868,-0.5937484502792358,1.7881393032936899e-09,0.0,0.0,0.9999973773956299,1.0000022649765015,1.0000026226043701,0.0,0.0,0.0,0.0,0.6005396842956543,0.6103499531745911,1.6636719703674316,-0.07067587971687317,-1.635791301727295,0.09257031977176666,0.0,0.0,0.0,0.0,1.0000022649765015,1.0000026226043701,0.059999980032444,-0.0025489141698926687,-0.05995497107505798,0.0034494518768042326,0.0,0.0,0.0,0.0,0.0,0.0,0.5999999642372131,0.9987263083457947,0.0
2.1671934127807617,5.97434663772583,57.295799255371094,0.5999998450279236,-0.6093766093254089,-0.025489110499620438,0.03448495268821716,1.0000022649765015,1.0000026226043701,0.0,1.0,0.6108194589614868,-0.5937484502792358,1.7881393032936899e-09,0.0,0.0,0.9999973773956299,1.0000022649765015,1.0000026226043701,0.0,0.0,0.0,0.0,0.6005396842956543,0.6103499531745911,1.6636719703674316,-0.07067587971687317,-1.635791301727295,0.09257031977176666,0.0,0.0,0.0,0.0,1.0000022649765015,1.0000026226043701,0.059999980032444,-0.0025489141698926687,-0.05995497107505798,0.0034494518768042326,0.0,0.0,0.0,0.0,0.0,0.0,0.5999999642372131,0.9987263083457947,0.0
2.171393394470215,5.97434663772583,57.295799255371094,0.5999998450279236,-0.6093766093254089,-0.025489110499620438,0.03448495268821716,1.0000022649765015,1.0000026226043701,0.0,1.0,0.6108194589614868,-0.5937484502792358,1.7881393032936899e-09,0.0,0.0,0.9999973773956299,1.0000022649765015,1.0000026226043701,0.0,0.0,0.0,0.0,0.6005396842956543,0.6103499531745911,1.6636719703674316,-0.07067587971687317,-1.635791301727295,0.09257031977176666,0.0,0.0,0.0,0.0,1.0000022649765015,1.0000026226043701,0.059999980032444,-0.0025489141698926687,-0.05995497107505798,0.0034494518768042326,0.0,0.0,0.0,0.0,0.0,0.0,0.5999999642372131,0.9987263083457947,0.0
2.175593376159668,5.97434663772583,57.295799255371094,0.5999998450279236,-0.6093766093254089,-0.025489110499620438,0.03448495268821716,1.0000022649765015,1.0000026226043701,0.0,1.0,0.6108194589614868,-0.5937484502792358,1.7881393032936899e-09,0.0,0.0,0.9999973773956299,1.0000022649765015,1.0000026226043701,0.0,0.0,0.0,0.0,0.6005396842956543,0.6103499531745911,1.6636719703674316,-0.07067587971687317,-1.635791301727295,0.09257031977176666,0.0,0.0,0.0,0.0,1.0000022649765015,1.0000026226043701,0.059999980032444,-0.0025489141698926687,-0.05995497107505798,0.0034494518768042326,0.0,0.0,0.0,0.0,0.0,0.0,0.5999999642372131,0.9987263083457947,0.0
2.179793357849121,5.97434663772583,57.295799255371094,0.5999998450279236,-0.6093766093254089,-0.025489110499620438,0.03448495268821716,1.0000022649765015,1.0000026226043701,0.0,1.0,0.6108194589614868,-0.5937484502792358,1.7881393032936899e-09,0.0,0.0,0.9999973773956299,1.0000022649765015,1.0000026226043701,0.0,0.0,0.0,0.0,0.6005396842956543,0.6103499531745911,1.6636719703674316,-0.07067587971687317,-1.635791301727295,0.09257031977176666,0.0,0.0,0.0,0.0,1.0000022649765015,1.0000026226043701,0.059999980032444,-0.0025489141698926687,-0.05995497107505798,0.0034494518768042326,0.0,0.0,0.0,0.0,0.0,0.0,0.5999999642372131,0.9987263083457947,0.0
2.183993339538574,5.97434663772583,57.295799255371094,0.5999998450279236,-0.6093766093254089,-0.025489110499620438,0.03448495268821716,1.0000022649765015,1.0000026226043701,0.0,1.0,0.6108194589614868,-0.5937484502792358,1.7881393032936899e-09,0.0,0.0,0.9999973773956299,1.0000022649765015,1.0000026226043701,0.0,0.0,0.0,0.0,0.6005396842956543,0.6103499531745911,1.6636719703674316,-0.07067587971687317,-1.635791301727295,0.09257031977176666,0.0,0.0,0.0,0.0,1.0000022649765015,1.0000026226043701,0.059999980032444,-0.0025489141698926687,-0.05995497107505798,0.0034494518768042326,0.0,0.0,0.0,0.0,0.0,0.0,0.5999999642372131,0.9987263083457947,0.0
2.1881933212280273,5.97434663772583,57.295799255371094,0.5999998450279236,-0.6093766093254089,-0.025489110499620438,0.03448495268821716,1.0000022649765015,1.0000026226043701,0.0,1.0,0.6108194589614868,-0.5937484502792358,1.7881393032936899e-09,0.0,0.0,0.9999973773956299,1.0000022649765015,1.0000026226043701,0.0,0.0,0.0,0.0,0.6005396842956543,0.6103499531745911,1.6636719703674316,-0.07067587971687317,-1.635791301727295,0.09257031977176666,0.0,0.0,0.0,0.0,1.0000022649765015,1.0000026226043701,0.059999980032444,-0.0025489141698926687,-0.05995497107505798,0.0034494518768042326,0.0,0.0,0.0,0.0,0.0,0.0,0.5999999642372131,0.9987263083457947,0.0
2.1923933029174805,5.97434663772583,57.295799255371094,0.5999998450279236,-0.6093766093254089,-0.025489110499620438,0.03448495268821716,1.0000022649765015,1.0000026226043701,0.0,1.0,0.6108194589614868,-0.5937484502792358,1.7881393032936899e-09,0.0,0.0,0.9999973773956299,1.0000022649765015,1.0000026226043701,0.0,0.0,0.0,0.0,0.6005396842956543,0.6103499531745911,1.6636719703674316,-0.07067587971687317,-1.635791301727295,0.09257031977176666,0.0,0.0,0.0,0.0,1.0000022649765015,1.0000026226043701,0.059999980032444,-0.0025489141698926687,-0.05995497107505798,0.0034494518768042326,0.0,0.0,0.0,0.0,0.0,0.0,0.5999999642372131,0.9987263083457947,0.0
2.1965932846069336,5.97434663772583,57.295799255371094,0.5999998450279236,-0.6093766093254089,-0.025489110499620438,0.03448495268821716,1.0000022649765015,1.0000026226043701,0.0,1.0,0.6108194589614868,-0.5937484502792358,1.7881393032936899e-09,0.0,0.0,0.9999973773956299,1.0000022649765015,1.0000026226043701,0.0,0.0,0.0,0.0,0.6005396842956543,0.6103499531745911,1.6636719703674316,-0.07067587971687317,-1.635791301727295,0.09257031977176666,0.0,0.0,0.0,0.0,1.0000022649765015,1.0000026226043701,0.059999980032444,-0.0025489141698926687,-0.05995497107505798,0.0034494518768042326,0.0,0.0,0.0,0.0,0.0,0.0,0.5999999642372131,0.9987263083457947,0.0
2.2007932662963867,5.97434663772583,57.295799255371094,0.5999998450279236,-0.6093766093254089,-0.025489110499620438,0.03448495268821716,1.0000022649765015,1.0000026226043701,0.0,1.0,0.6108194589614868,-0.5937484502792358,1.7881393032936899e-09,0.0,0.0,0.9999973773956299,1.0000022649765015,1.0000026226043701,0.0,0.0,0.0,0.0,0.6005396842956543,0.6103499531745911,1.6636719703674316,-0.07067587971687317,-1.635791301727295,0.09257031977176666,0.0,0.0,0.0,0.0,1.0000022649765015,1.0000026226043701,0.059999980032444,-0.0025489141698926687,-0.05995497107505798,0.0034494518768042326,0.0,0.0,0.0,0.0,0.0,0.0,0.5999999642372131,0.9987263083457947,0.0
2.20499324798584,5.97434663772583,57.295799255371094,0.5999998450279236,-0.6093766093254089,-0.025489110499620438,0.03448495268821716,1.0000022649765015,1.0000026226043701,0.0,1.0,0.6108194589614868,-0.5937484502792358,1.7881393032936899e-09,0.0,0.0,0.9999973773956299,1.0000022649765015,1.0000026226043701,0.0,0.0,0.0,0.0,0.6005396842956543,0.6103499531745911,1.6636719703674316,-0.07067587971687317,-1.635791301727295,0.09257031977176666,0.0,0.0,0.0,0.0,1.0000022649765015,1.0000026226043701,0.059999980032444,-0.0025489141698926687,-0.05995497107505798,0.0034494518768042326,0.0,0.0,0.0,0.0,0.0,0.0,0.5999999642372131,0.9987263083457947,0.0
2.209193229675293,5.97434663772583,57.295799255371094,0.5999998450279236,-0.6093766093254089,-0.025489110499620438,0.03448495268821716,1.0000022649765015,1.0000026226043701,0.0,1.0,0.6108194589614868,-0.5937484502792358,1.7881393032936899e-09,0.0,0.0,0.9999973773956299,1.0000022649765015,1.0000026226043701,0.0,0.0,0.0,0.0,0.6005396842956543,0.6103499531745911,1.6636719703674316,-0.07067587971687317,-1.635791301727295,0.09257031977176666,0.0,0.0,0.0,0.0,1.0000022649765015,1.0000026226043701,0.059999980032444,-0.0025489141698926687,-0.05995497107505798,0.0034494518768042326,0.0,0.0,0.0,0.0,0.0,0.0,0.5999999642372131,0.9987263083457947,0.0
2.213393211364746,5.97434663772583,57.295799255371094,0.5999998450279236,-0.6093766093254089,-0.025489110499620438,0.03448495268821716,1.0000022649765015,1.0000026226043701,0.0,1.0,0.6108194589614868,-0.5937484502792358,1.7881393032936899e-09,0.0,0.0,0.9999973773956299,1.0000022649765015,1.0000026226043701,0.0,0.0,0.0,0.0,0.6005396842956543,0.6103499531745911,1.6636719703674316,-0.07067587971687317,-1.635791301727295,0.09257031977176666,0.0,0.0,0.0,0.0,1.0000022649765015,1.0000026226043701,0.059999980032444,-0.0025489141698926687,-0.05995497107505798,0.0034494518768042326,0.0,0.0,0.0,0.0,0.0,0.0,0.5999999642372131,0.9987263083457947,0.0
2.217593193054199,5.97434663772583,57.295799255371094,0.5999998450279236,-0.6093766093254089,-0.025489110499620438,0.03448495268821716,1.0000022649765015,1.0000026226043701,0.0,1.0,0.6108194589614868,-0.5937484502792358,1.7881393032936899e-09,0.0,0.0,0.9999973773956299,1.0000022649765015,1.0000026226043701,0.0,0.0,0.0,0.0,0.6005396842956543,0.6103499531745911,1.6636719703674316,-0.07067587971687317,-1.635791301727295,0.09257031977176666,0.0,0.0,0.0,0.0,1.0000022649765015,1.0000026226043701,0.059999980032444,-0.0025489141698926687,-0.05995497107505798,0.0034494518768042326,0.0,0.0,0.0,0.0,0.0,0.0,0.5999999642372131,0.9987263083457947,0.0
2.2217931747436523,5.97434663772583,57.295799255371094,0.5999998450279236,-0.6093766093254089,-0.025489110499620438,0.03448495268821716,1.0000022649765015,1.0000026226043701,0.0,1.0,0.6108194589614868,-0.5937484502792358,1.7881393032936899e-09,0.0,0.0,0.9999973773956299,1.0000022649765015,1.0000026226043701,0.0,0.0,0.0,0.0,0.6005396842956543,0.6103499531745911,1.6636719703674316,-0.07067587971687317,-1.635791301727295,0.09257031977176666,0.0,0.0,0.0,0.0,1.0000022649765015,1.0000026226043701,0.059999980032444,-0.0025489141698926687,-0.05995497107505798,0.0034494518768042326,0.0,0.0,0.0,0.0,0.0,0.0,0.5999999642372131,0.9987263083457947,0.0
2.2259931564331055,5.97434663772583,57.295799255371094,0.5999998450279236,-0.6093766093254089,-0.025489110499620438,0.03448495268821716,1.0000022649765015,1.0000026226043701,0.0,1.0,0.6108194589614868,-0.5937484502792358,1.7881393032936899e-09,0.0,0.0,0.9999973773956299,1.0000022649765015,1.0000026226043701,0.0,0.0,0.0,0.0,0.6005396842956543,0.6103499531745911,1.6636719703674316,-0.07067587971687317,-1.635791301727295,0.09257031977176666,0.0,0.0,0.0,0.0,1.0000022649765015,1.0000026226043701,0.059999980032444,-0.0025489141698926687,-0.05995497107505798,0.0034494518768042326,0.0,0.0,0.0,0.0,0.0,0.0,0.5999999642372131,0.9987263083457947,0.0
2.2301931381225586,5.97434663772583,57.295799255371094,0.5999998450279236,-0.6093766093254089,-0.025489110499620438,0.03448495268821716,1.0000022649765015,1.0000026226043701,0.0,1.0,0.6108194589614868,-0.5937484502792358,1.7881393032936899e-09,0.0,0.0,0.9999973773956299,1.0000022649765015,1.0000026226043701,0.0,0.0,0.0,0.0,0.6005396842956543,0.6103499531745911,1.6636719703674316,-0.07067587971687317,-1.635791301727295,0.09257031977176666,0.0,0.0,0.0,0.0,1.0000022649765015,1.0000026226043701,0.059999980032444,-0.0025489141698926687,-0.05995497107505798,0.0034494518768042326,0.0,0.0,0.0,0.0,0.0,0.0,0.5999999642372131,0.9987263083457947,0.0
2.2343931198120117,5.97434663772583,57.295799255371094,0.5999998450279236,-0.6093766093254089,-0.025489110499620438,0.03448495268821716,1.0000022649765015,1.0000026226043701,0.0,1.0,0.6108194589614868,-0.5937484502792358,1.7881393032936899e-09,0.0,0.0,0.9999973773956299,1.0000022649765015,1.0000026226043701,0.0,0.0,0.0,0.0,0.6005396842956543,0.6103499531745911,1.6636719703674316,-0.07067587971687317,-1.635791301727295,0.09257031977176666,0.0,0.0,0.0,0.0,1.0000022649765015,1.0000026226043701,0.059999980032444,-0.0025489141698926687,-0.05995497107505798,0.0034494518768042326,0.0,0.0,0.0,0.0,0.0,0.0,0.5999999642372131,0.9987263083457947,0.0
2.238593101501465,5.97434663772583,57.295799255371094,0.5999998450279236,-0.6093766093254089,-0.025489110499620438,0.03448495268821716,1.0000022649765015,1.0000026226043701,0.0,1.0,0.6108194589614868,-0.5937484502792358,1.7881393032936899e-09,0.0,0.0,0.9999973773956299,1.0000022649765015,1.0000026226043701,0.0,0.0,0.0,0.0,0.6005396842956543,0.6103499531745911,1.6636719703674316,-0.07067587971687317,-1.635791301727295,0.09257031977176666,0.0,0.0,0.0,0.0,1.0000022649765015,1.0000026226043701,0.059999980032444,-0.0025489141698926687,-0.05995497107505798,0.0034494518768042326,0.0,0.0,0.0,0.0,0.0,0.0,0.5999999642372131,0.9987263083457947,0.0
2.242793083190918,5.97434663772583,57.295799255371094,0.5999998450279236,-0.6093766093254089,-0.025489110499620438,0.03448495268821716,1.0000022649765015,1.0000026226043701,0.0,1.0,0.6108194589614868,-0.5937484502792358,1.7881393032936899e-09,0.0,0.0,0.9999973773956299,1.0000022649765015,1.0000026226043701,0.0,0.0,0.0,0.0,0.6005396842956543,0.6103499531745911,1.6636719703674316,-0.07067587971687317,-1.635791301727295,0.09257031977176666,0.0,0.0,0.0,0.0,1.0000022649765015,1.0000026226043701,0.059999980032444,-0.0025489141698926687,-0.05995497107505798,0.0034494518768042326,0.0,0.0,0.0,0.0,0.0,0.0,0.5999999642372131,0.9987263083457947,0.0
2.246993064880371,5.97434663772583,57.295799255371094,0.5999998450279236,-0.6093766093254089,-0.025489110499620438,0.03448495268821716,1.0000022649765015,1.0000026226043701,0.0,1.0,0.6108194589614868,-0.5937484502792358,1.7881393032936899e-09,0.0,0.0,0.9999973773956299,1.0000022649765015,1.0000026226043701,0.0,0.0,0.0,0.0,0.6005396842956543,0.6103499531745911,1.6636719703674316,-0.07067587971687317,-1.635791301727295,0.09257031977176666,0.0,0.0,0.0,0.0,1.0000022649765015,1.0000026226043701,0.059999980032444,-0.0025489141698926687,-0.05995497107505798,0.0034494518768042326,0.0,0.0,0.0,0.0,0.0,0.0,0.5999999642372131,0.9987263083457947,0.0
2.251193046569824,5.97434663772583,57.295799255371094,0.5999998450279236,-0.6093766093254089,-0.025489110499620438,0.03448495268821716,1.0000022649765015,1.0000026226043701,0.0,1.0,0.6108194589614868,-0.5937484502792358,1.7881393032936899e-09,0.0,0.0,0.9999973773956299,1.0000022649765015,1.0000026226043701,0.0,0.0,0.0,0.0,0.6005396842956543,0.6103499531745911,1.6636719703674316,-0.07067587971687317,-1.635791301727295,0.09257031977176666,0.0,0.0,0.0,0.0,1.0000022649765015,1.0000026226043701,0.059999980032444,-0.0025489141698926687,-0.05995497107505798,0.0034494518768042326,0.0,0.0,0.0,0.0,0.0,0.0,0.5999999642372131,0.9987263083457947,0.0
2.2553930282592773,5.97434663772583,57.295799255371094,0.5999998450279236,-0.6093766093254089,-0.025489110499620438,0.03448495268821716,1.0000022649765015,1.0000026226043701,0.0,1.0,0.6108194589614868,-0.5937484502792358,1.7881393032936899e-09,0.0,0.0,0.9999973773956299,1.0000022649765015,1.0000026226043701,0.0,0.0,0.0,0.0,0.6005396842956543,0.6103499531745911,1.6636719703674316,-0.07067587971687317,-1.635791301727295,0.09257031977176666,0.0,0.0,0.0,0.0,1.0000022649765015,1.0000026226043701,0.059999980032444,-0.0025489141698926687,-0.05995497107505798,0.0034494518768042326,0.0,0.0,0.0,0.0,0.0,0.0,0.5999999642372131,0.9987263083457947,0.0
2.2595930099487305,5.97434663772583,57.295799255371094,0.5999998450279236,-0.6093766093254089,-0.025489110499620438,0.03448495268821716,1.0000022649765015,1.0000026226043701,0.0,1.0,0.6108194589614868,-0.5937484502792358,1.7881393032936899e-09,0.0,0.0,0.9999973773956299,1.0000022649765015,1.0000026226043701,0.0,0.0,0.0,0.0,0.6005396842956543,0.6103499531745911,1.6636719703674316,-0.07067587971687317,-1.635791301727295,0.09257031977176666,0.0,0.0,0.0,0.0,1.0000022649765015,1.0000026226043701,0.059999980032444,-0.0025489141698926687,-0.05995497107505798,0.0034494518768042326,0.0,0.0,0.0,0.0,0.0,0.0,0.5999999642372131,0.9987263083457947,0.0
2.2637929916381836,5.97434663772583,57.295799255371094,0.5999998450279236,-0.6093766093254089,-0.025489110499620438,0.03448495268821716,1.0000022649765015,1.0000026226043701,0.0,1.0,0.6108194589614868,-0.5937484502792358,1.7881393032936899e-09,0.0,0.0,0.9999973773956299,1.0000022649765015,1.0000026226043701,0.0,0.0,0.0,0.0,0.6005396842956543,0.6103499531745911,1.6636719703674316,-0.07067587971687317,-1.635791301727295,0.09257031977176666,0.0,0.0,0.0,0.0,1.0000022649765015,1.0000026226043701,0.059999980032444,-0.0025489141698926687,-0.05995497107505798,0.0034494518768042326,0.0,0.0,0.0,0.0,0.0,0.0,0.5999999642372131,0.9987263083457947,0.0
2.2679929733276367,5.97434663772583,57.295799255371094,0.5999998450279236,-0.6093766093254089,-0.025489110499620438,0.03448495268821716,1.0000022649765015,1.0000026226043701,0.0,1.0,0.6108194589614868,-0.5937484502792358,1.7881393032936899e-09,0.0,0.0,0.9999973773956299,1.0000022649765015,1.0000026226043701,0.0,0.0,0.0,0.0,0.6005396842956543,0.6103499531745911,1.6636719703674316,-0.07067587971687317,-1.635791301727295,0.09257031977176666,0.0,0.0,0.0,0.0,1.0000022649765015,1.0000026226043701,0.059999980032444,-0.0025489141698926687,-0.05995497107505798,0.0034494518768042326,0.0,0.0,0.0,0.0,0.0,0.0,0.5999999642372131,0.9987263083457947,0.0
2.27219295501709,5.97434663772583,57.295799255371094,0.5999998450279236,-0.6093766093254089,-0.025489110499620438,0.03448495268821716,1.0000022649765015,1.0000026226043701,0.0,1.0,0.6108194589614868,-0.5937484502792358,1.7881393032936899e-09,0.0,0.0,0.9999973773956299,1.0000022649765015,1.0000026226043701,0.0,0.0,0.0,0.0,0.6005396842956543,0.6103499531745911,1.6636719703674316,-0.07067587971687317,-1.635791301727295,0.09257031977176666,0.0,0.0,0.0,0.0,1.0000022649765015,1.0000026226043701,0.059999980032444,-0.0025489141698926687,-0.05995497107505798,0.0034494518768042326,0.0,0.0,0.0,0.0,0.0,0.0,0.5999999642372131,0.9987263083457947,0.0
2.276392936706543,5.97434663772583,57.295799255371094,0.5999998450279236,-0.6093766093254089,-0.025489110499620438,0.03448495268821716,1.0000022649765015,1.0000026226043701,0.0,1.0,0.6108194589614868,-0.5937484502792358,1.7881393032936899e-09,0.0,0.0,0.9999973773956299,1.0000022649765015,1.0000026226043701,0.0,0.0,0.0,0.0,0.6005396842956543,0.6103499531745911,1.6636719703674316,-0.07067587971687317,-1.635791301727295,0.09257031977176666,0.0,0.0,0.0,0.0,1.0000022649765015,1.0000026226043701,0.059999980032444,-0.0025489141698926687,-0.05995497107505798,0.0034494518768042326,0.0,0.0,0.0,0.0,0.0,0.0,0.5999999642372131,0.9987263083457947,0.0
2.280592918395996,5.97434663772583,57.295799255371094,0.5999998450279236,-0.6093766093254089,-0.025489110499620438,0.03448495268821716,1.0000022649765015,1.0000026226043701,0.0,1.0,0.6108194589614868,-0.5937484502792358,1.7881393032936899e-09,0.0,0.0,0.9999973773956299,1.0000022649765015,1.0000026226043701,0.0,0.0,0.0,0.0,0.6005396842956543,0.6103499531745911,1.6636719703674316,-0.07067587971687317,-1.635791301727295,0.09257031977176666,0.0,0.0,0.0,0.0,1.0000022649765015,1.0000026226043701,0.059999980032444,-0.0025489141698926687,-0.05995497107505798,0.0034494518768042326,0.0,0.0,0.0,0.0,0.0,0.0,0.5999999642372131,0.9987263083457947,0.0
2.284792900085449,5.97434663772583,57.295799255371094,0.5999998450279236,-0.6093766093254089,-0.025489110499620438,0.03448495268821716,1.0000022649765015,1.0000026226043701,0.0,1.0,0.6108194589614868,-0.5937484502792358,1.7881393032936899e-09,0.0,0.0,0.9999973773956299,1.0000022649765015,1.0000026226043701,0.0,0.0,0.0,0.0,0.6005396842956543,0.6103499531745911,1.6636719703674316,-0.07067587971687317,-1.635791301727295,0.09257031977176666,0.0,0.0,0.0,0.0,1.0000022649765015,1.0000026226043701,0.059999980032444,-0.0025489141698926687,-0.05995497107505798,0.0034494518768042326,0.0,0.0,0.0,0.0,0.0,0.0,0.5999999642372131,0.9987263083457947,0.0
2.2889928817749023,5.97434663772583,57.295799255371094,0.5999998450279236,-0.6093766093254089,-0.025489110499620438,0.03448495268821716,1.0000022649765015,1.0000026226043701,0.0,1.0,0.6108194589614868,-0.5937484502792358,1.7881393032936899e-09,0.0,0.0,0.9999973773956299,1.0000022649765015,1.0000026226043701,0.0,0.0,0.0,0.0,0.6005396842956543,0.6103499531745911,1.6636719703674316,-0.07067587971687317,-1.635791301727295,0.09257031977176666,0.0,0.0,0.0,0.0,1.0000022649765015,1.0000026226043701,0.059999980032444,-0.0025489141698926687,-0.05995497107505798,0.0034494518768042326,0.0,0.0,0.0,0.0,0.0,0.0,0.5999999642372131,0.9987263083457947,0.0
2.2931928634643555,5.97434663772583,57.295799255371094,0.5999998450279236,-0.6093766093254089,-0.025489110499620438,0.03448495268821716,1.0000022649765015,1.0000026226043701,0.0,1.0,0.6108194589614868,-0.5937484502792358,1.7881393032936899e-09,0.0,0.0,0.9999973773956299,1.0000022649765015,1.0000026226043701,0.0,0.0,0.0,0.0,0.6005396842956543,0.6103499531745911,1.6636719703674316,-0.07067587971687317,-1.635791301727295,0.09257031977176666,0.0,0.0,0.0,0.0,1.0000022649765015,1.0000026226043701,0.059999980032444,-0.0025489141698926687,-0.05995497107505798,0.0034494518768042326,0.0,0.0,0.0,0.0,0.0,0.0,0.5999999642372131,0.9987263083457947,0.0
2.2973928451538086,5.97434663772583,57.295799255371094,0.5999998450279236,-0.6093766093254089,-0.025489110499620438,0.03448495268821716,1.0000022649765015,1.0000026226043701,0.0,1.0,0.6108194589614868,-0.5937484502792358,1.7881393032936899e-09,0.0,0.0,0.9999973773956299,1.0000022649765015,1.0000026226043701,0.0,0.0,0.0,0.0,0.6005396842956543,0.6103499531745911,1.6636719703674316,-0.07067587971687317,-1.635791301727295,0.09257031977176666,0.0,0.0,0.0,0.0,1.0000022649765015,1.0000026226043701,0.059999980032444,-0.0025489141698926687,-0.05995497107505798,0.0034494518768042326,0.0,0.0,0.0,0.0,0.0,0.0,0.5999999642372131,0.9987263083457947,0.0
2.3015928268432617,5.97434663772583,57.295799255371094,0.5999998450279236,-0.6093766093254089,-0.025489110499620438,0.03448495268821716,1.0000022649765015,1.0000026226043701,0.0,1.0,0.6108194589614868,-0.5937484502792358,1.7881393032936899e-09,0.0,0.0,0.9999973773956299,1.0000022649765015,1.0000026226043701,0.0,0.0,0.0,0.0,0.6005396842956543,0.6103499531745911,1.6636719703674316,-0.07067587971687317,-1.635791301727295,0.09257031977176666,0.0,0.0,0.0,0.0,1.0000022649765015,1.0000026226043701,0.059999980032444,-0.0025489141698926687,-0.05995497107505798,0.0034494518768042326,0.0,0.0,0.0,0.0,0.0,0.0,0.5999999642372131,0.9987263083457947,0.0
2.305792808532715,5.97434663772583,57.295799255371094,0.5999998450279236,-0.6093766093254089,-0.025489110499620438,0.03448495268821716,1.0000022649765015,1.0000026226043701,0.0,1.0,0.6108194589614868,-0.5937484502792358,1.7881393032936899e-09,0.0,0.0,0.9999973773956299,1.0000022649765015,1.0000026226043701,0.0,0.0,0.0,0.0,0.6005396842956543,0.6103499531745911,1.6636719703674316,-0.07067587971687317,-1.635791301727295,0.09257031977176666,0.0,0.0,0.0,0.0,1.0000022649765015,1.0000026226043701,0.059999980032444,-0.0025489141698926687,-0.05995497107505798,0.0034494518768042326,0.0,0.0,0.0,0.0,0.0,0.0,0.5999999642372131,0.9987263083457947,0.0
2.309992790222168,5.97434663772583,57.295799255371094,0.5999998450279236,-0.6093766093254089,-0.025489110499620438,0.03448495268821716,1.0000022649765015,1.0000026226043701,0.0,1.0,0.6108194589614868,-0.5937484502792358,1.7881393032936899e-09,0.0,0.0,0.9999973773956299,1.0000022649765015,1.0000026226043701,0.0,0.0,0.0,0.0,0.6005396842956543,0.6103499531745911,1.6636719703674316,-0.07067587971687317,-1.635791301727295,0.09257031977176666,0.0,0.0,0.0,0.0,1.0000022649765015,1.0000026226043701,0.059999980032444,-0.0025489141698926687,-0.05995497107505798,0.0034494518768042326,0.0,0.0,0.0,0.0,0.0,0.0,0.5999999642372131,0.9987263083457947,0.0
2.314192771911621,5.97434663772583,57.295799255371094,0.5999998450279236,-0.6093766093254089,-0.025489110499620438,0.03448495268821716,1.0000022649765015,1.0000026226043701,0.0,1.0,0.6108194589614868,-0.5937484502792358,1.7881393032936899e-09,0.0,0.0,0.9999973773956299,1.0000022649765015,1.0000026226043701,0.0,0.0,0.0,0.0,0.6005396842956543,0.6103499531745911,1.6636719703674316,-0.07067587971687317,-1.635791301727295,0.09257031977176666,0.0,0.0,0.0,0.0,1.0000022649765015,1.0000026226043701,0.059999980032444,-0.0025489141698926687,-0.05995497107505798,0.0034494518768042326,0.0,0.0,0.0,0.0,0.0,0.0,0.5999999642372131,0.9987263083457947,0.0
2.318392753601074,5.97434663772583,57.295799255371094,0.5999998450279236,-0.6093766093254089,-0.025489110499620438,0.03448495268821716,1.0000022649765015,1.0000026226043701,0.0,1.0,0.6108194589614868,-0.5937484502792358,1.7881393032936899e-09,0.0,0.0,0.9999973773956299,1.0000022649765015,1.0000026226043701,0.0,0.0,0.0,0.0,0.6005396842956543,0.6103499531745911,1.6636719703674316,-0.07067587971687317,-1.635791301727295,0.09257031977176666,0.0,0.0,0.0,0.0,1.0000022649765015,1.0000026226043701,0.059999980032444,-0.0025489141698926687,-0.05995497107505798,0.0034494518768042326,0.0,0.0,0.0,0.0,0.0,0.0,0.5999999642372131,0.9987263083457947,0.0
2.3225927352905273,5.97434663772583,57.295799255371094,0.5999998450279236,-0.6093766093254089,-0.025489110499620438,0.03448495268821716,1.0000022649765015,1.0000026226043701,0.0,1.0,0.6108194589614868,-0.5937484502792358,1.7881393032936899e-09,0.0,0.0,0.9999973773956299,1.0000022649765015,1.0000026226043701,0.0,0.0,0.0,0.0,0.6005396842956543,0.6103499531745911,1.6636719703674316,-0.07067587971687317,-1.635791301727295,0.09257031977176666,0.0,0.0,0.0,0.0,1.0000022649765015,1.0000026226043701,0.059999980032444,-0.0025489141698926687,-0.05995497107505798,0.0034494518768042326,0.0,0.0,0.0,0.0,0.0,0.0,0.5999999642372131,0.9987263083457947,0.0
2.3267927169799805,5.97434663772583,57.295799255371094,0.5999998450279236,-0.6093766093254089,-0.025489110499620438,0.03448495268821716,1.0000022649765015,1.0000026226043701,0.0,1.0,0.6108194589614868,-0.5937484502792358,1.7881393032936899e-09,0.0,0.0,0.9999973773956299,1.0000022649765015,1.0000026226043701,0.0,0.0,0.0,0.0,0.6005396842956543,0.6103499531745911,1.6636719703674316,-0.07067587971687317,-1.635791301727295,0.09257031977176666,0.0,0.0,0.0,0.0,1.0000022649765015,1.0000026226043701,0.059999980032444,-0.0025489141698926687,-0.05995497107505798,0.0034494518768042326,0.0,0.0,0.0,0.0,0.0,0.0,0.5999999642372131,0.9987263083457947,0.0
2.3309926986694336,5.97434663772583,57.295799255371094,0.5999998450279236,-0.6093766093254089,-0.025489110499620438,0.03448495268821716,1.0000022649765015,1.0000026226043701,0.0,1.0,0.6108194589614868,-0.5937484502792358,1.7881393032936899e-09,0.0,0.0,0.9999973773956299,1.0000022649765015,1.0000026226043701,0.0,0.0,0.0,0.0,0.6005396842956543,0.6103499531745911,1.6636719703674316,-0.07067587971687317,-1.635791301727295,0.09257031977176666,0.0,0.0,0.0,0.0,1.0000022649765015,1.0000026226043701,0.059999980032444,-0.0025489141698926687,-0.05995497107505798,0.0034494518768042326,0.0,0.0,0.0,0.0,0.0,0.0,0.5999999642372131,0.9987263083457947,0.0
2.3351926803588867,5.97434663772583,57.295799255371094,0.5999998450279236,-0.6093766093254089,-0.025489110499620438,0.03448495268821716,1.0000022649765015,1.0000026226043701,0.0,1.0,0.6108194589614868,-0.5937484502792358,1.7881393032936899e-09,0.0,0.0,0.9999973773956299,1.0000022649765015,1.0000026226043701,0.0,0.0,0.0,0.0,0.6005396842956543,0.6103499531745911,1.6636719703674316,-0.07067587971687317,-1.635791301727295,0.09257031977176666,0.0,0.0,0.0,0.0,1.0000022649765015,1.0000026226043701,0.059999980032444,-0.0025489141698926687,-0.05995497107505798,0.0034494518768042326,0.0,0.0,0.0,0.0,0.0,0.0,0.5999999642372131,0.9987263083457947,0.0
2.33939266204834,5.97434663772583,57.295799255371094,0.5999998450279236,-0.6093766093254089,-0.025489110499620438,0.03448495268821716,1.0000022649765015,1.0000026226043701,0.0,1.0,0.6108194589614868,-0.5937484502792358,1.7881393032936899e-09,0.0,0.0,0.9999973773956299,1.0000022649765015,1.0000026226043701,0.0,0.0,0.0,0.0,0.6005396842956543,0.6103499531745911,1.6636719703674316,-0.07067587971687317,-1.635791301727295,0.09257031977176666,0.0,0.0,0.0,0.0,1.0000022649765015,1.0000026226043701,0.059999980032444,-0.0025489141698926687,-0.05995497107505798,0.0034494518768042326,0.0,0.0,0.0,0.0,0.0,0.0,0.5999999642372131,0.9987263083457947,0.0
2.343592643737793,5.97434663772583,57.295799255371094,0.5999998450279236,-0.6093766093254089,-0.025489110499620438,0.03448495268821716,1.0000022649765015,1.0000026226043701,0.0,1.0,0.6108194589614868,-0.5937484502792358,1.7881393032936899e-09,0.0,0.0,0.9999973773956299,1.0000022649765015,1.0000026226043701,0.0,0.0,0.0,0.0,0.6005396842956543,0.6103499531745911,1.6636719703674316,-0.07067587971687317,-1.635791301727295,0.09257031977176666,0.0,0.0,0.0,0.0,1.0000022649765015,1.0000026226043701,0.059999980032444,-0.0025489141698926687,-0.05995497107505798,0.0034494518768042326,0.0,0.0,0.0,0.0,0.0,0.0,0.5999999642372131,0.9987263083457947,0.0
2.347792625427246,5.97434663772583,57.295799255371094,0.5999998450279236,-0.6093766093254089,-0.025489110499620438,0.03448495268821716,1.0000022649765015,1.0000026226043701,0.0,1.0,0.6108194589614868,-0.5937484502792358,1.7881393032936899e-09,0.0,0.0,0.9999973773956299,1.0000022649765015,1.0000026226043701,0.0,0.0,0.0,0.0,0.6005396842956543,0.6103499531745911,1.6636719703674316,-0.07067587971687317,-1.635791301727295,0.09257031977176666,0.0,0.0,0.0,0.0,1.0000022649765015,1.0000026226043701,0.059999980032444,-0.0025489141698926687,-0.05995497107505798,0.0034494518768042326,0.0,0.0,0.0,0.0,0.0,0.0,0.5999999642372131,0.9987263083457947,0.0
2.351992607116699,5.97434663772583,57.295799255371094,0.5999998450279236,-0.6093766093254089,-0.025489110499620438,0.03448495268821716,1.0000022649765015,1.0000026226043701,0.0,1.0,0.6108194589614868,-0.5937484502792358,1.7881393032936899e-09,0.0,0.0,0.9999973773956299,1.0000022649765015,1.0000026226043701,0.0,0.0,0.0,0.0,0.6005396842956543,0.6103499531745911,1.6636719703674316,-0.07067587971687317,-1.635791301727295,0.09257031977176666,0.0,0.0,0.0,0.0,1.0000022649765015,1.0000026226043701,0.059999980032444,-0.0025489141698926687,-0.05995497107505798,0.0034494518768042326,0.0,0.0,0.0,0.0,0.0,0.0,0.5999999642372131,0.9987263083457947,0.0
2.3561925888061523,5.97434663772583,57.295799255371094,0.5999998450279236,-0.6093766093254089,-0.025489110499620438,0.03448495268821716,1.0000022649765015,1.0000026226043701,0.0,1.0,0.6108194589614868,-0.5937484502792358,1.7881393032936899e-09,0.0,0.0,0.9999973773956299,1.0000022649765015,1.0000026226043701,0.0,0.0,0.0,0.0,0.6005396842956543,0.6103499531745911,1.6636719703674316,-0.07067587971687317,-1.635791301727295,0.09257031977176666,0.0,0.0,0.0,0.0,1.0000022649765015,1.0000026226043701,0.059999980032444,-0.0025489141698926687,-0.05995497107505798,0.0034494518768042326,0.0,0.0,0.0,0.0,0.0,0.0,0.5999999642372131,0.9987263083457947,0.0
2.3603925704956055,5.97434663772583,57.295799255371094,0.5999998450279236,-0.6093766093254089,-0.025489110499620438,0.03448495268821716,1.0000022649765015,1.0000026226043701,0.0,1.0,0.6108194589614868,-0.5937484502792358,1.7881393032936899e-09,0.0,0.0,0.9999973773956299,1.0000022649765015,1.0000026226043701,0.0,0.0,0.0,0.0,0.6005396842956543,0.6103499531745911,1.6636719703674316,-0.07067587971687317,-1.635791301727295,0.09257031977176666,0.0,0.0,0.0,0.0,1.0000022649765015,1.0000026226043701,0.059999980032444,-0.0025489141698926687,-0.05995497107505798,0.0034494518768042326,0.0,0.0,0.0,0.0,0.0,0.0,0.5999999642372131,0.9987263083457947,0.0
2.3645925521850586,5.97434663772583,57.295799255371094,0.5999998450279236,-0.6093766093254089,-0.025489110499620438,0.03448495268821716,1.0000022649765015,1.0000026226043701,0.0,1.0,0.6108194589614868,-0.5937484502792358,1.7881393032936899e-09,0.0,0.0,0.9999973773956299,1.0000022649765015,1.0000026226043701,0.0,0.0,0.0,0.0,0.6005396842956543,0.6103499531745911,1.6636719703674316,-0.07067587971687317,-1.635791301727295,0.09257031977176666,0.0,0.0,0.0,0.0,1.0000022649765015,1.0000026226043701,0.059999980032444,-0.0025489141698926687,-0.05995497107505798,0.0034494518768042326,0.0,0.0,0.0,0.0,0.0,0.0,0.5999999642372131,0.9987263083457947,0.0
2.3687925338745117,5.97434663772583,57.295799255371094,0.5999998450279236,-0.6093766093254089,-0.025489110499620438,0.03448495268821716,1.0000022649765015,1.0000026226043701,0.0,1.0,0.6108194589614868,-0.5937484502792358,1.7881393032936899e-09,0.0,0.0,0.9999973773956299,1.0000022649765015,1.0000026226043701,0.0,0.0,0.0,0.0,0.6005396842956543,0.6103499531745911,1.6636719703674316,-0.07067587971687317,-1.635791301727295,0.09257031977176666,0.0,0.0,0.0,0.0,1.0000022649765015,1.0000026226043701,0.059999980032444,-0.0025489141698926687,-0.05995497107505798,0.0034494518768042326,0.0,0.0,0.0,0.0,0.0,0.0,0.5999999642372131,0.9987263083457947,0.0
2.372992515563965,5.97434663772583,57.295799255371094,0.5999998450279236,-0.6093766093254089,-0.025489110499620438,0.03448495268821716,1.0000022649765015,1.0000026226043701,0.0,1.0,0.6108194589614868,-0.5937484502792358,1.7881393032936899e-09,0.0,0.0,0.9999973773956299,1.0000022649765015,1.0000026226043701,0.0,0.0,0.0,0.0,0.6005396842956543,0.6103499531745911,1.6636719703674316,-0.07067587971687317,-1.635791301727295,0.09257031977176666,0.0,0.0,0.0,0.0,1.0000022649765015,1.0000026226043701,0.059999980032444,-0.0025489141698926687,-0.05995497107505798,0.0034494518768042326,0.0,0.0,0.0,0.0,0.0,0.0,0.5999999642372131,0.9987263083457947,0.0
2.377192497253418,5.97434663772583,57.295799255371094,0.5999998450279236,-0.6093766093254089,-0.025489110499620438,0.03448495268821716,1.0000022649765015,1.0000026226043701,0.0,1.0,0.6108194589614868,-0.5937484502792358,1.7881393032936899e-09,0.0,0.0,0.9999973773956299,1.0000022649765015,1.0000026226043701,0.0,0.0,0.0,0.0,0.6005396842956543,0.6103499531745911,1.6636719703674316,-0.07067587971687317,-1.635791301727295,0.09257031977176666,0.0,0.0,0.0,0.0,1.0000022649765015,1.0000026226043701,0.059999980032444,-0.0025489141698926687,-0.05995497107505798,0.0034494518768042326,0.0,0.0,0.0,0.0,0.0,0.0,0.5999999642372131,0.9987263083457947,0.0
2.381392478942871,5.97434663772583,57.295799255371094,0.5999998450279236,-0.6093766093254089,-0.025489110499620438,0.03448495268821716,1.0000022649765015,1.0000026226043701,0.0,1.0,0.6108194589614868,-0.5937484502792358,1.7881393032936899e-09,0.0,0.0,0.9999973773956299,1.0000022649765015,1.0000026226043701,0.0,0.0,0.0,0.0,0.6005396842956543,0.6103499531745911,1.6636719703674316,-0.07067587971687317,-1.635791301727295,0.09257031977176666,0.0,0.0,0.0,0.0,1.0000022649765015,1.0000026226043701,0.059999980032444,-0.0025489141698926687,-0.05995497107505798,0.0034494518768042326,0.0,0.0,0.0,0.0,0.0,0.0,0.5999999642372131,0.9987263083457947,0.0
2.385592460632324,5.97434663772583,57.295799255371094,0.5999998450279236,-0.6093766093254089,-0.025489110499620438,0.03448495268821716,1.0000022649765015,1.0000026226043701,0.0,1.0,0.6108194589614868,-0.5937484502792358,1.7881393032936899e-09,0.0,0.0,0.9999973773956299,1.0000022649765015,1.0000026226043701,0.0,0.0,0.0,0.0,0.6005396842956543,0.6103499531745911,1.6636719703674316,-0.07067587971687317,-1.635791301727295,0.09257031977176666,0.0,0.0,0.0,0.0,1.0000022649765015,1.0000026226043701,0.059999980032444,-0.0025489141698926687,-0.05995497107505798,0.0034494518768042326,0.0,0.0,0.0,0.0,0.0,0.0,0.5999999642372131,0.9987263083457947,0.0
2.3897924423217773,5.97434663772583,57.295799255371094,0.5999998450279236,-0.6093766093254089,-0.025489110499620438,0.03448495268821716,1.0000022649765015,1.0000026226043701,0.0,1.0,0.6108194589614868,-0.5937484502792358,1.7881393032936899e-09,0.0,0.0,0.9999973773956299,1.0000022649765015,1.0000026226043701,0.0,0.0,0.0,0.0,0.6005396842956543,0.6103499531745911,1.6636719703674316,-0.07067587971687317,-1.635791301727295,0.09257031977176666,0.0,0.0,0.0,0.0,1.0000022649765015,1.0000026226043701,0.059999980032444,-0.0025489141698926687,-0.05995497107505798,0.0034494518768042326,0.0,0.0,0.0,0.0,0.0,0.0,0.5999999642372131,0.9987263083457947,0.0
2.3939924240112305,5.97434663772583,57.295799255371094,0.5999998450279236,-0.6093766093254089,-0.025489110499620438,0.03448495268821716,1.0000022649765015,1.0000026226043701,0.0,1.0,0.6108194589614868,-0.5937484502792358,1.7881393032936899e-09,0.0,0.0,0.9999973773956299,1.0000022649765015,1.0000026226043701,0.0,0.0,0.0,0.0,0.6005396842956543,0.6103499531745911,1.6636719703674316,-0.07067587971687317,-1.635791301727295,0.09257031977176666,0.0,0.0,0.0,0.0,1.0000022649765015,1.0000026226043701,0.059999980032444,-0.0025489141698926687,-0.05995497107505798,0.0034494518768042326,0.0,0.0,0.0,0.0,0.0,0.0,0.5999999642372131,0.9987263083457947,0.0
2.3981924057006836,5.97434663772583,57.295799255371094,0.5999998450279236,-0.6093766093254089,-0.025489110499620438,0.03448495268821716,1.0000022649765015,1.0000026226043701,0.0,1.0,0.6108194589614868,-0.5937484502792358,1.7881393032936899e-09,0.0,0.0,0.9999973773956299,1.0000022649765015,1.0000026226043701,0.0,0.0,0.0,0.0,0.6005396842956543,0.6103499531745911,1.6636719703674316,-0.07067587971687317,-1.635791301727295,0.09257031977176666,0.0,0.0,0.0,0.0,1.0000022649765015,1.0000026226043701,0.059999980032444,-0.0025489141698926687,-0.05995497107505798,0.0034494518768042326,0.0,0.0,0.0,0.0,0.0,0.0,0.5999999642372131,0.9987263083457947,0.0
2.4023923873901367,5.97434663772583,57.295799255371094,0.5999998450279236,-0.6093766093254089,-0.025489110499620438,0.03448495268821716,1.0000022649765015,1.0000026226043701,0.0,1.0,0.6108194589614868,-0.5937484502792358,1.7881393032936899e-09,0.0,0.0,0.9999973773956299,1.0000022649765015,1.0000026226043701,0.0,0.0,0.0,0.0,0.6005396842956543,0.6103499531745911,1.6636719703674316,-0.07067587971687317,-1.635791301727295,0.09257031977176666,0.0,0.0,0.0,0.0,1.0000022649765015,1.0000026226043701,0.059999980032444,-0.0025489141698926687,-0.05995497107505798,0.0034494518768042326,0.0,0.0,0.0,0.0,0.0,0.0,0.5999999642372131,0.9987263083457947,0.0
2.40659236907959,5.97434663772583,57.295799255371094,0.5999998450279236,-0.6093766093254089,-0.025489110499620438,0.03448495268821716,1.0000022649765015,1.0000026226043701,0.0,1.0,0.6108194589614868,-0.5937484502792358,1.7881393032936899e-09,0.0,0.0,0.9999973773956299,1.0000022649765015,1.0000026226043701,0.0,0.0,0.0,0.0,0.6005396842956543,0.6103499531745911,1.6636719703674316,-0.07067587971687317,-1.635791301727295,0.09257031977176666,0.0,0.0,0.0,0.0,1.0000022649765015,1.0000026226043701,0.059999980032444,-0.0025489141698926687,-0.05995497107505798,0.0034494518768042326,0.0,0.0,0.0,0.0,0.0,0.0,0.5999999642372131,0.9987263083457947,0.0
2.410792350769043,5.97434663772583,57.295799255371094,0.5999998450279236,-0.6093766093254089,-0.025489110499620438,0.03448495268821716,1.0000022649765015,1.0000026226043701,0.0,1.0,0.6108194589614868,-0.5937484502792358,1.7881393032936899e-09,0.0,0.0,0.9999973773956299,1.0000022649765015,1.0000026226043701,0.0,0.0,0.0,0.0,0.6005396842956543,0.6103499531745911,1.6636719703674316,-0.07067587971687317,-1.635791301727295,0.09257031977176666,0.0,0.0,0.0,0.0,1.0000022649765015,1.0000026226043701,0.059999980032444,-0.0025489141698926687,-0.05995497107505798,0.0034494518768042326,0.0,0.0,0.0,0.0,0.0,0.0,0.5999999642372131,0.9987263083457947,0.0
2.414992332458496,5.97434663772583,57.295799255371094,0.5999998450279236,-0.6093766093254089,-0.025489110499620438,0.03448495268821716,1.0000022649765015,1.0000026226043701,0.0,1.0,0.6108194589614868,-0.5937484502792358,1.7881393032936899e-09,0.0,0.0,0.9999973773956299,1.0000022649765015,1.0000026226043701,0.0,0.0,0.0,0.0,0.6005396842956543,0.6103499531745911,1.6636719703674316,-0.07067587971687317,-1.635791301727295,0.09257031977176666,0.0,0.0,0.0,0.0,1.0000022649765015,1.0000026226043701,0.059999980032444,-0.0025489141698926687,-0.05995497107505798,0.0034494518768042326,0.0,0.0,0.0,0.0,0.0,0.0,0.5999999642372131,0.9987263083457947,0.0
2.419192314147949,5.97434663772583,57.295799255371094,0.5999998450279236,-0.6093766093254089,-0.025489110499620438,0.03448495268821716,1.0000022649765015,1.0000026226043701,0.0,1.0,0.6108194589614868,-0.5937484502792358,1.7881393032936899e-09,0.0,0.0,0.9999973773956299,1.0000022649765015,1.0000026226043701,0.0,0.0,0.0,0.0,0.6005396842956543,0.6103499531745911,1.6636719703674316,-0.07067587971687317,-1.635791301727295,0.09257031977176666,0.0,0.0,0.0,0.0,1.0000022649765015,1.0000026226043701,0.059999980032444,-0.0025489141698926687,-0.05995497107505798,0.0034494518768042326,0.0,0.0,0.0,0.0,0.0,0.0,0.5999999642372131,0.9987263083457947,0.0
2.4233922958374023,5.97434663772583,57.295799255371094,0.5999998450279236,-0.6093766093254089,-0.025489110499620438,0.03448495268821716,1.0000022649765015,1.0000026226043701,0.0,1.0,0.6108194589614868,-0.5937484502792358,1.7881393032936899e-09,0.0,0.0,0.9999973773956299,1.0000022649765015,1.0000026226043701,0.0,0.0,0.0,0.0,0.6005396842956543,0.6103499531745911,1.6636719703674316,-0.07067587971687317,-1.635791301727295,0.09257031977176666,0.0,0.0,0.0,0.0,1.0000022649765015,1.0000026226043701,0.059999980032444,-0.0025489141698926687,-0.05995497107505798,0.0034494518768042326,0.0,0.0,0.0,0.0,0.0,0.0,0.5999999642372131,0.9987263083457947,0.0
2.4275922775268555,5.97434663772583,57.295799255371094,0.5999998450279236,-0.6093766093254089,-0.025489110499620438,0.03448495268821716,1.0000022649765015,1.0000026226043701,0.0,1.0,0.6108194589614868,-0.5937484502792358,1.7881393032936899e-09,0.0,0.0,0.9999973773956299,1.0000022649765015,1.0000026226043701,0.0,0.0,0.0,0.0,0.6005396842956543,0.6103499531745911,1.6636719703674316,-0.07067587971687317,-1.635791301727295,0.09257031977176666,0.0,0.0,0.0,0.0,1.0000022649765015,1.0000026226043701,0.059999980032444,-0.0025489141698926687,-0.05995497107505798,0.0034494518768042326,0.0,0.0,0.0,0.0,0.0,0.0,0.5999999642372131,0.9987263083457947,0.0
2.4317922592163086,5.97434663772583,57.295799255371094,0.5999998450279236,-0.6093766093254089,-0.025489110499620438,0.03448495268821716,1.0000022649765015,1.0000026226043701,0.0,1.0,0.6108194589614868,-0.5937484502792358,1.7881393032936899e-09,0.0,0.0,0.9999973773956299,1.0000022649765015,1.0000026226043701,0.0,0.0,0.0,0.0,0.6005396842956543,0.6103499531745911,1.6636719703674316,-0.07067587971687317,-1.635791301727295,0.09257031977176666,0.0,0.0,0.0,0.0,1.0000022649765015,1.0000026226043701,0.059999980032444,-0.0025489141698926687,-0.05995497107505798,0.0034494518768042326,0.0,0.0,0.0,0.0,0.0,0.0,0.5999999642372131,0.9987263083457947,0.0
2.4359922409057617,5.97434663772583,57.295799255371094,0.5999998450279236,-0.6093766093254089,-0.025489110499620438,0.03448495268821716,1.0000022649765015,1.0000026226043701,0.0,1.0,0.6108194589614868,-0.5937484502792358,1.7881393032936899e-09,0.0,0.0,0.9999973773956299,1.0000022649765015,1.0000026226043701,0.0,0.0,0.0,0.0,0.6005396842956543,0.6103499531745911,1.6636719703674316,-0.07067587971687317,-1.635791301727295,0.09257031977176666,0.0,0.0,0.0,0.0,1.0000022649765015,1.0000026226043701,0.059999980032444,-0.0025489141698926687,-0.05995497107505798,0.0034494518768042326,0.0,0.0,0.0,0.0,0.0,0.0,0.5999999642372131,0.9987263083457947,0.0
2.440192222595215,5.97434663772583,57.295799255371094,0.5999998450279236,-0.6093766093254089,-0.025489110499620438,0.03448495268821716,1.0000022649765015,1.0000026226043701,0.0,1.0,0.6108194589614868,-0.5937484502792358,1.7881393032936899e-09,0.0,0.0,0.9999973773956299,1.0000022649765015,1.0000026226043701,0.0,0.0,0.0,0.0,0.6005396842956543,0.6103499531745911,1.6636719703674316,-0.07067587971687317,-1.635791301727295,0.09257031977176666,0.0,0.0,0.0,0.0,1.0000022649765015,1.0000026226043701,0.059999980032444,-0.0025489141698926687,-0.05995497107505798,0.0034494518768042326,0.0,0.0,0.0,0.0,0.0,0.0,0.5999999642372131,0.9987263083457947,0.0
2.444392204284668,5.97434663772583,57.295799255371094,0.5999998450279236,-0.6093766093254089,-0.025489110499620438,0.03448495268821716,1.0000022649765015,1.0000026226043701,0.0,1.0,0.6108194589614868,-0.5937484502792358,1.7881393032936899e-09,0.0,0.0,0.9999973773956299,1.0000022649765015,1.0000026226043701,0.0,0.0,0.0,0.0,0.6005396842956543,0.6103499531745911,1.6636719703674316,-0.07067587971687317,-1.635791301727295,0.09257031977176666,0.0,0.0,0.0,0.0,1.0000022649765015,1.0000026226043701,0.059999980032444,-0.0025489141698926687,-0.05995497107505798,0.0034494518768042326,0.0,0.0,0.0,0.0,0.0,0.0,0.5999999642372131,0.9987263083457947,0.0
2.448592185974121,5.97434663772583,57.295799255371094,0.5999998450279236,-0.6093766093254089,-0.025489110499620438,0.03448495268821716,1.0000022649765015,1.0000026226043701,0.0,1.0,0.6108194589614868,-0.5937484502792358,1.7881393032936899e-09,0.0,0.0,0.9999973773956299,1.0000022649765015,1.0000026226043701,0.0,0.0,0.0,0.0,0.6005396842956543,0.6103499531745911,1.6636719703674316,-0.07067587971687317,-1.635791301727295,0.09257031977176666,0.0,0.0,0.0,0.0,1.0000022649765015,1.0000026226043701,0.059999980032444,-0.0025489141698926687,-0.05995497107505798,0.0034494518768042326,0.0,0.0,0.0,0.0,0.0,0.0,0.5999999642372131,0.9987263083457947,0.0
2.452792167663574,5.97434663772583,57.295799255371094,0.5999998450279236,-0.6093766093254089,-0.025489110499620438,0.03448495268821716,1.0000022649765015,1.0000026226043701,0.0,1.0,0.6108194589614868,-0.5937484502792358,1.7881393032936899e-09,0.0,0.0,0.9999973773956299,1.0000022649765015,1.0000026226043701,0.0,0.0,0.0,0.0,0.6005396842956543,0.6103499531745911,1.6636719703674316,-0.07067587971687317,-1.635791301727295,0.09257031977176666,0.0,0.0,0.0,0.0,1.0000022649765015,1.0000026226043701,0.059999980032444,-0.0025489141698926687,-0.05995497107505798,0.0034494518768042326,0.0,0.0,0.0,0.0,0.0,0.0,0.5999999642372131,0.9987263083457947,0.0
2.4569921493530273,5.97434663772583,57.295799255371094,0.5999998450279236,-0.6093766093254089,-0.025489110499620438,0.03448495268821716,1.0000022649765015,1.0000026226043701,0.0,1.0,0.6108194589614868,-0.5937484502792358,1.7881393032936899e-09,0.0,0.0,0.9999973773956299,1.0000022649765015,1.0000026226043701,0.0,0.0,0.0,0.0,0.6005396842956543,0.6103499531745911,1.6636719703674316,-0.07067587971687317,-1.635791301727295,0.09257031977176666,0.0,0.0,0.0,0.0,1.0000022649765015,1.0000026226043701,0.059999980032444,-0.0025489141698926687,-0.05995497107505798,0.0034494518768042326,0.0,0.0,0.0,0.0,0.0,0.0,0.5999999642372131,0.9987263083457947,0.0
2.4611921310424805,5.97434663772583,57.295799255371094,0.5999998450279236,-0.6093766093254089,-0.025489110499620438,0.03448495268821716,1.0000022649765015,1.0000026226043701,0.0,1.0,0.6108194589614868,-0.5937484502792358,1.7881393032936899e-09,0.0,0.0,0.9999973773956299,1.0000022649765015,1.0000026226043701,0.0,0.0,0.0,0.0,0.6005396842956543,0.6103499531745911,1.6636719703674316,-0.07067587971687317,-1.635791301727295,0.09257031977176666,0.0,0.0,0.0,0.0,1.0000022649765015,1.0000026226043701,0.059999980032444,-0.0025489141698926687,-0.05995497107505798,0.0034494518768042326,0.0,0.0,0.0,0.0,0.0,0.0,0.5999999642372131,0.9987263083457947,0.0
2.4653921127319336,5.97434663772583,57.295799255371094,0.5999998450279236,-0.6093766093254089,-0.025489110499620438,0.03448495268821716,1.0000022649765015,1.0000026226043701,0.0,1.0,0.6108194589614868,-0.5937484502792358,1.7881393032936899e-09,0.0,0.0,0.9999973773956299,1.0000022649765015,1.0000026226043701,0.0,0.0,0.0,0.0,0.6005396842956543,0.6103499531745911,1.6636719703674316,-0.07067587971687317,-1.635791301727295,0.09257031977176666,0.0,0.0,0.0,0.0,1.0000022649765015,1.0000026226043701,0.059999980032444,-0.0025489141698926687,-0.05995497107505798,0.0034494518768042326,0.0,0.0,0.0,0.0,0.0,0.0,0.5999999642372131,0.9987263083457947,0.0
2.4695920944213867,5.97434663772583,57.295799255371094,0.5999998450279236,-0.6093766093254089,-0.025489110499620438,0.03448495268821716,1.0000022649765015,1.0000026226043701,0.0,1.0,0.6108194589614868,-0.5937484502792358,1.7881393032936899e-09,0.0,0.0,0.9999973773956299,1.0000022649765015,1.0000026226043701,0.0,0.0,0.0,0.0,0.6005396842956543,0.6103499531745911,1.6636719703674316,-0.07067587971687317,-1.635791301727295,0.09257031977176666,0.0,0.0,0.0,0.0,1.0000022649765015,1.0000026226043701,0.059999980032444,-0.0025489141698926687,-0.05995497107505798,0.0034494518768042326,0.0,0.0,0.0,0.0,0.0,0.0,0.5999999642372131,0.9987263083457947,0.0
2.47379207611084,5.97434663772583,57.295799255371094,0.5999998450279236,-0.6093766093254089,-0.025489110499620438,0.03448495268821716,1.0000022649765015,1.0000026226043701,0.0,1.0,0.6108194589614868,-0.5937484502792358,1.7881393032936899e-09,0.0,0.0,0.9999973773956299,1.0000022649765015,1.0000026226043701,0.0,0.0,0.0,0.0,0.6005396842956543,0.6103499531745911,1.6636719703674316,-0.07067587971687317,-1.635791301727295,0.09257031977176666,0.0,0.0,0.0,0.0,1.0000022649765015,1.0000026226043701,0.059999980032444,-0.0025489141698926687,-0.05995497107505798,0.0034494518768042326,0.0,0.0,0.0,0.0,0.0,0.0,0.5999999642372131,0.9987263083457947,0.0
2.477992057800293,5.97434663772583,57.295799255371094,0.5999998450279236,-0.6093766093254089,-0.025489110499620438,0.03448495268821716,1.0000022649765015,1.0000026226043701,0.0,1.0,0.6108194589614868,-0.5937484502792358,1.7881393032936899e-09,0.0,0.0,0.9999973773956299,1.0000022649765015,1.0000026226043701,0.0,0.0,0.0,0.0,0.6005396842956543,0.6103499531745911,1.6636719703674316,-0.07067587971687317,-1.635791301727295,0.09257031977176666,0.0,0.0,0.0,0.0,1.0000022649765015,1.0000026226043701,0.059999980032444,-0.0025489141698926687,-0.05995497107505798,0.0034494518768042326,0.0,0.0,0.0,0.0,0.0,0.0,0.5999999642372131,0.9987263083457947,0.0
2.482192039489746,5.97434663772583,57.295799255371094,0.5999998450279236,-0.6093766093254089,-0.025489110499620438,0.03448495268821716,1.0000022649765015,1.0000026226043701,0.0,1.0,0.6108194589614868,-0.5937484502792358,1.7881393032936899e-09,0.0,0.0,0.9999973773956299,1.0000022649765015,1.0000026226043701,0.0,0.0,0.0,0.0,0.6005396842956543,0.6103499531745911,1.6636719703674316,-0.07067587971687317,-1.635791301727295,0.09257031977176666,0.0,0.0,0.0,0.0,1.0000022649765015,1.0000026226043701,0.059999980032444,-0.0025489141698926687,-0.05995497107505798,0.0034494518768042326,0.0,0.0,0.0,0.0,0.0,0.0,0.5999999642372131,0.9987263083457947,0.0
2.486392021179199,5.97434663772583,57.295799255371094,0.5999998450279236,-0.6093766093254089,-0.025489110499620438,0.03448495268821716,1.0000022649765015,1.0000026226043701,0.0,1.0,0.6108194589614868,-0.5937484502792358,1.7881393032936899e-09,0.0,0.0,0.9999973773956299,1.0000022649765015,1.0000026226043701,0.0,0.0,0.0,0.0,0.6005396842956543,0.6103499531745911,1.6636719703674316,-0.07067587971687317,-1.635791301727295,0.09257031977176666,0.0,0.0,0.0,0.0,1.0000022649765015,1.0000026226043701,0.059999980032444,-0.0025489141698926687,-0.05995497107505798,0.0034494518768042326,0.0,0.0,0.0,0.0,0.0,0.0,0.5999999642372131,0.9987263083457947,0.0
2.4905920028686523,5.97434663772583,57.295799255371094,0.5999998450279236,-0.6093766093254089,-0.025489110499620438,0.03448495268821716,1.0000022649765015,1.0000026226043701,0.0,1.0,0.6108194589614868,-0.5937484502792358,1.7881393032936899e-09,0.0,0.0,0.9999973773956299,1.0000022649765015,1.0000026226043701,0.0,0.0,0.0,0.0,0.6005396842956543,0.6103499531745911,1.6636719703674316,-0.07067587971687317,-1.635791301727295,0.09257031977176666,0.0,0.0,0.0,0.0,1.0000022649765015,1.0000026226043701,0.059999980032444,-0.0025489141698926687,-0.05995497107505798,0.0034494518768042326,0.0,0.0,0.0,0.0,0.0,0.0,0.5999999642372131,0.9987263083457947,0.0
2.4947919845581055,5.97434663772583,57.295799255371094,0.5999998450279236,-0.6093766093254089,-0.025489110499620438,0.03448495268821716,1.0000022649765015,1.0000026226043701,0.0,1.0,0.6108194589614868,-0.5937484502792358,1.7881393032936899e-09,0.0,0.0,0.9999973773956299,1.0000022649765015,1.0000026226043701,0.0,0.0,0.0,0.0,0.6005396842956543,0.6103499531745911,1.6636719703674316,-0.07067587971687317,-1.635791301727295,0.09257031977176666,0.0,0.0,0.0,0.0,1.0000022649765015,1.0000026226043701,0.059999980032444,-0.0025489141698926687,-0.05995497107505798,0.0034494518768042326,0.0,0.0,0.0,0.0,0.0,0.0,0.5999999642372131,0.9987263083457947,0.0
2.4989919662475586,5.97434663772583,57.295799255371094,0.5999998450279236,-0.6093766093254089,-0.025489110499620438,0.03448495268821716,1.0000022649765015,1.0000026226043701,0.0,1.0,0.6108194589614868,-0.5937484502792358,1.7881393032936899e-09,0.0,0.0,0.9999973773956299,1.0000022649765015,1.0000026226043701,0.0,0.0,0.0,0.0,0.6005396842956543,0.6103499531745911,1.6636719703674316,-0.07067587971687317,-1.635791301727295,0.09257031977176666,0.0,0.0,0.0,0.0,1.0000022649765015,1.0000026226043701,0.059999980032444,-0.0025489141698926687,-0.05995497107505798,0.0034494518768042326,0.0,0.0,0.0,0.0,0.0,0.0,0.5999999642372131,0.9987263083457947,0.0
2.5031919479370117,5.97434663772583,57.295799255371094,0.5999998450279236,-0.6093766093254089,-0.025489110499620438,0.03448495268821716,1.0000022649765015,1.0000026226043701,0.0,1.0,0.6108194589614868,-0.5937484502792358,1.7881393032936899e-09,0.0,0.0,0.9999973773956299,1.0000022649765015,1.0000026226043701,0.0,0.0,0.0,0.0,0.6005396842956543,0.6103499531745911,1.6636719703674316,-0.07067587971687317,-1.635791301727295,0.09257031977176666,0.0,0.0,0.0,0.0,1.0000022649765015,1.0000026226043701,0.059999980032444,-0.0025489141698926687,-0.05995497107505798,0.0034494518768042326,0.0,0.0,0.0,0.0,0.0,0.0,0.5999999642372131,0.9987263083457947,0.0
2.507391929626465,5.97434663772583,57.295799255371094,0.5999998450279236,-0.6093766093254089,-0.025489110499620438,0.03448495268821716,1.0000022649765015,1.0000026226043701,0.0,1.0,0.6108194589614868,-0.5937484502792358,1.7881393032936899e-09,0.0,0.0,0.9999973773956299,1.0000022649765015,1.0000026226043701,0.0,0.0,0.0,0.0,0.6005396842956543,0.6103499531745911,1.6636719703674316,-0.07067587971687317,-1.635791301727295,0.09257031977176666,0.0,0.0,0.0,0.0,1.0000022649765015,1.0000026226043701,0.059999980032444,-0.0025489141698926687,-0.05995497107505798,0.0034494518768042326,0.0,0.0,0.0,0.0,0.0,0.0,0.5999999642372131,0.9987263083457947,0.0
2.511591911315918,5.97434663772583,57.295799255371094,0.5999998450279236,-0.6093766093254089,-0.025489110499620438,0.03448495268821716,1.0000022649765015,1.0000026226043701,0.0,1.0,0.6108194589614868,-0.5937484502792358,1.7881393032936899e-09,0.0,0.0,0.9999973773956299,1.0000022649765015,1.0000026226043701,0.0,0.0,0.0,0.0,0.6005396842956543,0.6103499531745911,1.6636719703674316,-0.07067587971687317,-1.635791301727295,0.09257031977176666,0.0,0.0,0.0,0.0,1.0000022649765015,1.0000026226043701,0.059999980032444,-0.0025489141698926687,-0.05995497107505798,0.0034494518768042326,0.0,0.0,0.0,0.0,0.0,0.0,0.5999999642372131,0.9987263083457947,0.0
2.515791893005371,5.97434663772583,57.295799255371094,0.5999998450279236,-0.6093766093254089,-0.025489110499620438,0.03448495268821716,1.0000022649765015,1.0000026226043701,0.0,1.0,0.6108194589614868,-0.5937484502792358,1.7881393032936899e-09,0.0,0.0,0.9999973773956299,1.0000022649765015,1.0000026226043701,0.0,0.0,0.0,0.0,0.6005396842956543,0.6103499531745911,1.6636719703674316,-0.07067587971687317,-1.635791301727295,0.09257031977176666,0.0,0.0,0.0,0.0,1.0000022649765015,1.0000026226043701,0.059999980032444,-0.0025489141698926687,-0.05995497107505798,0.0034494518768042326,0.0,0.0,0.0,0.0,0.0,0.0,0.5999999642372131,0.9987263083457947,0.0
2.519991874694824,5.97434663772583,57.295799255371094,0.5999998450279236,-0.6093766093254089,-0.025489110499620438,0.03448495268821716,1.0000022649765015,1.0000026226043701,0.0,1.0,0.6108194589614868,-0.5937484502792358,1.7881393032936899e-09,0.0,0.0,0.9999973773956299,1.0000022649765015,1.0000026226043701,0.0,0.0,0.0,0.0,0.6005396842956543,0.6103499531745911,1.6636719703674316,-0.07067587971687317,-1.635791301727295,0.09257031977176666,0.0,0.0,0.0,0.0,1.0000022649765015,1.0000026226043701,0.059999980032444,-0.0025489141698926687,-0.05995497107505798,0.0034494518768042326,0.0,0.0,0.0,0.0,0.0,0.0,0.5999999642372131,0.9987263083457947,0.0
2.5241918563842773,5.97434663772583,57.295799255371094,0.5999998450279236,-0.6093766093254089,-0.025489110499620438,0.03448495268821716,1.0000022649765015,1.0000026226043701,0.0,1.0,0.6108194589614868,-0.5937484502792358,1.7881393032936899e-09,0.0,0.0,0.9999973773956299,1.0000022649765015,1.0000026226043701,0.0,0.0,0.0,0.0,0.6005396842956543,0.6103499531745911,1.6636719703674316,-0.07067587971687317,-1.635791301727295,0.09257031977176666,0.0,0.0,0.0,0.0,1.0000022649765015,1.0000026226043701,0.059999980032444,-0.0025489141698926687,-0.05995497107505798,0.0034494518768042326,0.0,0.0,0.0,0.0,0.0,0.0,0.5999999642372131,0.9987263083457947,0.0
2.5283918380737305,5.97434663772583,57.295799255371094,0.5999998450279236,-0.6093766093254089,-0.025489110499620438,0.03448495268821716,1.0000022649765015,1.0000026226043701,0.0,1.0,0.6108194589614868,-0.5937484502792358,1.7881393032936899e-09,0.0,0.0,0.9999973773956299,1.0000022649765015,1.0000026226043701,0.0,0.0,0.0,0.0,0.6005396842956543,0.6103499531745911,1.6636719703674316,-0.07067587971687317,-1.635791301727295,0.09257031977176666,0.0,0.0,0.0,0.0,1.0000022649765015,1.0000026226043701,0.059999980032444,-0.0025489141698926687,-0.05995497107505798,0.0034494518768042326,0.0,0.0,0.0,0.0,0.0,0.0,0.5999999642372131,0.9987263083457947,0.0
2.5325918197631836,5.97434663772583,57.295799255371094,0.5999998450279236,-0.6093766093254089,-0.025489110499620438,0.03448495268821716,1.0000022649765015,1.0000026226043701,0.0,1.0,0.6108194589614868,-0.5937484502792358,1.7881393032936899e-09,0.0,0.0,0.9999973773956299,1.0000022649765015,1.0000026226043701,0.0,0.0,0.0,0.0,0.6005396842956543,0.6103499531745911,1.6636719703674316,-0.07067587971687317,-1.635791301727295,0.09257031977176666,0.0,0.0,0.0,0.0,1.0000022649765015,1.0000026226043701,0.059999980032444,-0.0025489141698926687,-0.05995497107505798,0.0034494518768042326,0.0,0.0,0.0,0.0,0.0,0.0,0.5999999642372131,0.9987263083457947,0.0
2.5367918014526367,5.97434663772583,57.295799255371094,0.5999998450279236,-0.6093766093254089,-0.025489110499620438,0.03448495268821716,1.0000022649765015,1.0000026226043701,0.0,1.0,0.6108194589614868,-0.5937484502792358,1.7881393032936899e-09,0.0,0.0,0.9999973773956299,1.0000022649765015,1.0000026226043701,0.0,0.0,0.0,0.0,0.6005396842956543,0.6103499531745911,1.6636719703674316,-0.07067587971687317,-1.635791301727295,0.09257031977176666,0.0,0.0,0.0,0.0,1.0000022649765015,1.0000026226043701,0.059999980032444,-0.0025489141698926687,-0.05995497107505798,0.0034494518768042326,0.0,0.0,0.0,0.0,0.0,0.0,0.5999999642372131,0.9987263083457947,0.0
2.54099178314209,5.97434663772583,57.295799255371094,0.5999998450279236,-0.6093766093254089,-0.025489110499620438,0.03448495268821716,1.0000022649765015,1.0000026226043701,0.0,1.0,0.6108194589614868,-0.5937484502792358,1.7881393032936899e-09,0.0,0.0,0.9999973773956299,1.0000022649765015,1.0000026226043701,0.0,0.0,0.0,0.0,0.6005396842956543,0.6103499531745911,1.6636719703674316,-0.07067587971687317,-1.635791301727295,0.09257031977176666,0.0,0.0,0.0,0.0,1.0000022649765015,1.0000026226043701,0.059999980032444,-0.0025489141698926687,-0.05995497107505798,0.0034494518768042326,0.0,0.0,0.0,0.0,0.0,0.0,0.5999999642372131,0.9987263083457947,0.0
2.545191764831543,5.97434663772583,57.295799255371094,0.5999998450279236,-0.6093766093254089,-0.025489110499620438,0.03448495268821716,1.0000022649765015,1.0000026226043701,0.0,1.0,0.6108194589614868,-0.5937484502792358,1.7881393032936899e-09,0.0,0.0,0.9999973773956299,1.0000022649765015,1.0000026226043701,0.0,0.0,0.0,0.0,0.6005396842956543,0.6103499531745911,1.6636719703674316,-0.07067587971687317,-1.635791301727295,0.09257031977176666,0.0,0.0,0.0,0.0,1.0000022649765015,1.0000026226043701,0.059999980032444,-0.0025489141698926687,-0.05995497107505798,0.0034494518768042326,0.0,0.0,0.0,0.0,0.0,0.0,0.5999999642372131,0.9987263083457947,0.0
2.549391746520996,5.97434663772583,57.295799255371094,0.5999998450279236,-0.6093766093254089,-0.025489110499620438,0.03448495268821716,1.0000022649765015,1.0000026226043701,0.0,1.0,0.6108194589614868,-0.5937484502792358,1.7881393032936899e-09,0.0,0.0,0.9999973773956299,1.0000022649765015,1.0000026226043701,0.0,0.0,0.0,0.0,0.6005396842956543,0.6103499531745911,1.6636719703674316,-0.07067587971687317,-1.635791301727295,0.09257031977176666,0.0,0.0,0.0,0.0,1.0000022649765015,1.0000026226043701,0.059999980032444,-0.0025489141698926687,-0.05995497107505798,0.0034494518768042326,0.0,0.0,0.0,0.0,0.0,0.0,0.5999999642372131,0.9987263083457947,0.0
2.553591728210449,5.97434663772583,57.295799255371094,0.5999998450279236,-0.6093766093254089,-0.025489110499620438,0.03448495268821716,1.0000022649765015,1.0000026226043701,0.0,1.0,0.6108194589614868,-0.5937484502792358,1.7881393032936899e-09,0.0,0.0,0.9999973773956299,1.0000022649765015,1.0000026226043701,0.0,0.0,0.0,0.0,0.6005396842956543,0.6103499531745911,1.6636719703674316,-0.07067587971687317,-1.635791301727295,0.09257031977176666,0.0,0.0,0.0,0.0,1.0000022649765015,1.0000026226043701,0.059999980032444,-0.0025489141698926687,-0.05995497107505798,0.0034494518768042326,0.0,0.0,0.0,0.0,0.0,0.0,0.5999999642372131,0.9987263083457947,0.0
2.5577917098999023,5.97434663772583,57.295799255371094,0.5999998450279236,-0.6093766093254089,-0.025489110499620438,0.03448495268821716,1.0000022649765015,1.0000026226043701,0.0,1.0,0.6108194589614868,-0.5937484502792358,1.7881393032936899e-09,0.0,0.0,0.9999973773956299,1.0000022649765015,1.0000026226043701,0.0,0.0,0.0,0.0,0.6005396842956543,0.6103499531745911,1.6636719703674316,-0.07067587971687317,-1.635791301727295,0.09257031977176666,0.0,0.0,0.0,0.0,1.0000022649765015,1.0000026226043701,0.059999980032444,-0.0025489141698926687,-0.05995497107505798,0.0034494518768042326,0.0,0.0,0.0,0.0,0.0,0.0,0.5999999642372131,0.9987263083457947,0.0
2.5619916915893555,5.97434663772583,57.295799255371094,0.5999998450279236,-0.6093766093254089,-0.025489110499620438,0.03448495268821716,1.0000022649765015,1.0000026226043701,0.0,1.0,0.6108194589614868,-0.5937484502792358,1.7881393032936899e-09,0.0,0.0,0.9999973773956299,1.0000022649765015,1.0000026226043701,0.0,0.0,0.0,0.0,0.6005396842956543,0.6103499531745911,1.6636719703674316,-0.07067587971687317,-1.635791301727295,0.09257031977176666,0.0,0.0,0.0,0.0,1.0000022649765015,1.0000026226043701,0.059999980032444,-0.0025489141698926687,-0.05995497107505798,0.0034494518768042326,0.0,0.0,0.0,0.0,0.0,0.0,0.5999999642372131,0.9987263083457947,0.0
2.5661916732788086,5.97434663772583,57.295799255371094,0.5999998450279236,-0.6093766093254089,-0.025489110499620438,0.03448495268821716,1.0000022649765015,1.0000026226043701,0.0,1.0,0.6108194589614868,-0.5937484502792358,1.7881393032936899e-09,0.0,0.0,0.9999973773956299,1.0000022649765015,1.0000026226043701,0.0,0.0,0.0,0.0,0.6005396842956543,0.6103499531745911,1.6636719703674316,-0.07067587971687317,-1.635791301727295,0.09257031977176666,0.0,0.0,0.0,0.0,1.0000022649765015,1.0000026226043701,0.059999980032444,-0.0025489141698926687,-0.05995497107505798,0.0034494518768042326,0.0,0.0,0.0,0.0,0.0,0.0,0.5999999642372131,0.9987263083457947,0.0
2.5703916549682617,5.97434663772583,57.295799255371094,0.5999998450279236,-0.6093766093254089,-0.025489110499620438,0.03448495268821716,1.0000022649765015,1.0000026226043701,0.0,1.0,0.6108194589614868,-0.5937484502792358,1.7881393032936899e-09,0.0,0.0,0.9999973773956299,1.0000022649765015,1.0000026226043701,0.0,0.0,0.0,0.0,0.6005396842956543,0.6103499531745911,1.6636719703674316,-0.07067587971687317,-1.635791301727295,0.09257031977176666,0.0,0.0,0.0,0.0,1.0000022649765015,1.0000026226043701,0.059999980032444,-0.0025489141698926687,-0.05995497107505798,0.0034494518768042326,0.0,0.0,0.0,0.0,0.0,0.0,0.5999999642372131,0.9987263083457947,0.0
2.574591636657715,5.97434663772583,57.295799255371094,0.5999998450279236,-0.6093766093254089,-0.025489110499620438,0.03448495268821716,1.0000022649765015,1.0000026226043701,0.0,1.0,0.6108194589614868,-0.5937484502792358,1.7881393032936899e-09,0.0,0.0,0.9999973773956299,1.0000022649765015,1.0000026226043701,0.0,0.0,0.0,0.0,0.6005396842956543,0.6103499531745911,1.6636719703674316,-0.07067587971687317,-1.635791301727295,0.09257031977176666,0.0,0.0,0.0,0.0,1.0000022649765015,1.0000026226043701,0.059999980032444,-0.0025489141698926687,-0.05995497107505798,0.0034494518768042326,0.0,0.0,0.0,0.0,0.0,0.0,0.5999999642372131,0.9987263083457947,0.0
2.578791618347168,5.97434663772583,57.295799255371094,0.5999998450279236,-0.6093766093254089,-0.025489110499620438,0.03448495268821716,1.0000022649765015,1.0000026226043701,0.0,1.0,0.6108194589614868,-0.5937484502792358,1.7881393032936899e-09,0.0,0.0,0.9999973773956299,1.0000022649765015,1.0000026226043701,0.0,0.0,0.0,0.0,0.6005396842956543,0.6103499531745911,1.6636719703674316,-0.07067587971687317,-1.635791301727295,0.09257031977176666,0.0,0.0,0.0,0.0,1.0000022649765015,1.0000026226043701,0.059999980032444,-0.0025489141698926687,-0.05995497107505798,0.0034494518768042326,0.0,0.0,0.0,0.0,0.0,0.0,0.5999999642372131,0.9987263083457947,0.0
2.582991600036621,5.97434663772583,57.295799255371094,0.5999998450279236,-0.6093766093254089,-0.025489110499620438,0.03448495268821716,1.0000022649765015,1.0000026226043701,0.0,1.0,0.6108194589614868,-0.5937484502792358,1.7881393032936899e-09,0.0,0.0,0.9999973773956299,1.0000022649765015,1.0000026226043701,0.0,0.0,0.0,0.0,0.6005396842956543,0.6103499531745911,1.6636719703674316,-0.07067587971687317,-1.635791301727295,0.09257031977176666,0.0,0.0,0.0,0.0,1.0000022649765015,1.0000026226043701,0.059999980032444,-0.0025489141698926687,-0.05995497107505798,0.0034494518768042326,0.0,0.0,0.0,0.0,0.0,0.0,0.5999999642372131,0.9987263083457947,0.0
2.587191581726074,5.97434663772583,57.295799255371094,0.5999998450279236,-0.6093766093254089,-0.025489110499620438,0.03448495268821716,1.0000022649765015,1.0000026226043701,0.0,1.0,0.6108194589614868,-0.5937484502792358,1.7881393032936899e-09,0.0,0.0,0.9999973773956299,1.0000022649765015,1.0000026226043701,0.0,0.0,0.0,0.0,0.6005396842956543,0.6103499531745911,1.6636719703674316,-0.07067587971687317,-1.635791301727295,0.09257031977176666,0.0,0.0,0.0,0.0,1.0000022649765015,1.0000026226043701,0.059999980032444,-0.0025489141698926687,-0.05995497107505798,0.0034494518768042326,0.0,0.0,0.0,0.0,0.0,0.0,0.5999999642372131,0.9987263083457947,0.0
2.5913915634155273,5.97434663772583,57.295799255371094,0.5999998450279236,-0.6093766093254089,-0.025489110499620438,0.03448495268821716,1.0000022649765015,1.0000026226043701,0.0,1.0,0.6108194589614868,-0.5937484502792358,1.7881393032936899e-09,0.0,0.0,0.9999973773956299,1.0000022649765015,1.0000026226043701,0.0,0.0,0.0,0.0,0.6005396842956543,0.6103499531745911,1.6636719703674316,-0.07067587971687317,-1.635791301727295,0.09257031977176666,0.0,0.0,0.0,0.0,1.0000022649765015,1.0000026226043701,0.059999980032444,-0.0025489141698926687,-0.05995497107505798,0.0034494518768042326,0.0,0.0,0.0,0.0,0.0,0.0,0.5999999642372131,0.9987263083457947,0.0
2.5955915451049805,5.97434663772583,57.295799255371094,0.5999998450279236,-0.6093766093254089,-0.025489110499620438,0.03448495268821716,1.0000022649765015,1.0000026226043701,0.0,1.0,0.6108194589614868,-0.5937484502792358,1.7881393032936899e-09,0.0,0.0,0.9999973773956299,1.0000022649765015,1.0000026226043701,0.0,0.0,0.0,0.0,0.6005396842956543,0.6103499531745911,1.6636719703674316,-0.07067587971687317,-1.635791301727295,0.09257031977176666,0.0,0.0,0.0,0.0,1.0000022649765015,1.0000026226043701,0.059999980032444,-0.0025489141698926687,-0.05995497107505798,0.0034494518768042326,0.0,0.0,0.0,0.0,0.0,0.0,0.5999999642372131,0.9987263083457947,0.0
2.5997915267944336,5.97434663772583,57.295799255371094,0.5999998450279236,-0.6093766093254089,-0.025489110499620438,0.03448495268821716,1.0000022649765015,1.0000026226043701,0.0,1.0,0.6108194589614868,-0.5937484502792358,1.7881393032936899e-09,0.0,0.0,0.9999973773956299,1.0000022649765015,1.0000026226043701,0.0,0.0,0.0,0.0,0.6005396842956543,0.6103499531745911,1.6636719703674316,-0.07067587971687317,-1.635791301727295,0.09257031977176666,0.0,0.0,0.0,0.0,1.0000022649765015,1.0000026226043701,0.059999980032444,-0.0025489141698926687,-0.05995497107505798,0.0034494518768042326,0.0,0.0,0.0,0.0,0.0,0.0,0.5999999642372131,0.9987263083457947,0.0
2.6039915084838867,5.97434663772583,57.295799255371094,0.5999998450279236,-0.6093766093254089,-0.025489110499620438,0.03448495268821716,1.0000022649765015,1.0000026226043701,0.0,1.0,0.6108194589614868,-0.5937484502792358,1.7881393032936899e-09,0.0,0.0,0.9999973773956299,1.0000022649765015,1.0000026226043701,0.0,0.0,0.0,0.0,0.6005396842956543,0.6103499531745911,1.6636719703674316,-0.07067587971687317,-1.635791301727295,0.09257031977176666,0.0,0.0,0.0,0.0,1.0000022649765015,1.0000026226043701,0.059999980032444,-0.0025489141698926687,-0.05995497107505798,0.0034494518768042326,0.0,0.0,0.0,0.0,0.0,0.0,0.5999999642372131,0.9987263083457947,0.0
2.60819149017334,5.97434663772583,57.295799255371094,0.5999998450279236,-0.6093766093254089,-0.025489110499620438,0.03448495268821716,1.0000022649765015,1.0000026226043701,0.0,1.0,0.6108194589614868,-0.5937484502792358,1.7881393032936899e-09,0.0,0.0,0.9999973773956299,1.0000022649765015,1.0000026226043701,0.0,0.0,0.0,0.0,0.6005396842956543,0.6103499531745911,1.6636719703674316,-0.07067587971687317,-1.635791301727295,0.09257031977176666,0.0,0.0,0.0,0.0,1.0000022649765015,1.0000026226043701,0.059999980032444,-0.0025489141698926687,-0.05995497107505798,0.0034494518768042326,0.0,0.0,0.0,0.0,0.0,0.0,0.5999999642372131,0.9987263083457947,0.0
2.612391471862793,5.97434663772583,57.295799255371094,0.5999998450279236,-0.6093766093254089,-0.025489110499620438,0.03448495268821716,1.0000022649765015,1.0000026226043701,0.0,1.0,0.6108194589614868,-0.5937484502792358,1.7881393032936899e-09,0.0,0.0,0.9999973773956299,1.0000022649765015,1.0000026226043701,0.0,0.0,0.0,0.0,0.6005396842956543,0.6103499531745911,1.6636719703674316,-0.07067587971687317,-1.635791301727295,0.09257031977176666,0.0,0.0,0.0,0.0,1.0000022649765015,1.0000026226043701,0.059999980032444,-0.0025489141698926687,-0.05995497107505798,0.0034494518768042326,0.0,0.0,0.0,0.0,0.0,0.0,0.5999999642372131,0.9987263083457947,0.0
2.616591453552246,5.97434663772583,57.295799255371094,0.5999998450279236,-0.6093766093254089,-0.025489110499620438,0.03448495268821716,1.0000022649765015,1.0000026226043701,0.0,1.0,0.6108194589614868,-0.5937484502792358,1.7881393032936899e-09,0.0,0.0,0.9999973773956299,1.0000022649765015,1.0000026226043701,0.0,0.0,0.0,0.0,0.6005396842956543,0.6103499531745911,1.6636719703674316,-0.07067587971687317,-1.635791301727295,0.09257031977176666,0.0,0.0,0.0,0.0,1.0000022649765015,1.0000026226043701,0.059999980032444,-0.0025489141698926687,-0.05995497107505798,0.0034494518768042326,0.0,0.0,0.0,0.0,0.0,0.0,0.5999999642372131,0.9987263083457947,0.0
2.620791435241699,5.97434663772583,57.295799255371094,0.5999998450279236,-0.6093766093254089,-0.025489110499620438,0.03448495268821716,1.0000022649765015,1.0000026226043701,0.0,1.0,0.6108194589614868,-0.5937484502792358,1.7881393032936899e-09,0.0,0.0,0.9999973773956299,1.0000022649765015,1.0000026226043701,0.0,0.0,0.0,0.0,0.6005396842956543,0.6103499531745911,1.6636719703674316,-0.07067587971687317,-1.635791301727295,0.09257031977176666,0.0,0.0,0.0,0.0,1.0000022649765015,1.0000026226043701,0.059999980032444,-0.0025489141698926687,-0.05995497107505798,0.0034494518768042326,0.0,0.0,0.0,0.0,0.0,0.0,0.5999999642372131,0.9987263083457947,0.0
2.6249914169311523,5.97434663772583,57.295799255371094,0.5999998450279236,-0.6093766093254089,-0.025489110499620438,0.03448495268821716,1.0000022649765015,1.0000026226043701,0.0,1.0,0.6108194589614868,-0.5937484502792358,1.7881393032936899e-09,0.0,0.0,0.9999973773956299,1.0000022649765015,1.0000026226043701,0.0,0.0,0.0,0.0,0.6005396842956543,0.6103499531745911,1.6636719703674316,-0.07067587971687317,-1.635791301727295,0.09257031977176666,0.0,0.0,0.0,0.0,1.0000022649765015,1.0000026226043701,0.059999980032444,-0.0025489141698926687,-0.05995497107505798,0.0034494518768042326,0.0,0.0,0.0,0.0,0.0,0.0,0.5999999642372131,0.9987263083457947,0.0
2.6291913986206055,5.97434663772583,57.295799255371094,0.5999998450279236,-0.6093766093254089,-0.025489110499620438,0.03448495268821716,1.0000022649765015,1.0000026226043701,0.0,1.0,0.6108194589614868,-0.5937484502792358,1.7881393032936899e-09,0.0,0.0,0.9999973773956299,1.0000022649765015,1.0000026226043701,0.0,0.0,0.0,0.0,0.6005396842956543,0.6103499531745911,1.6636719703674316,-0.07067587971687317,-1.635791301727295,0.09257031977176666,0.0,0.0,0.0,0.0,1.0000022649765015,1.0000026226043701,0.059999980032444,-0.0025489141698926687,-0.05995497107505798,0.0034494518768042326,0.0,0.0,0.0,0.0,0.0,0.0,0.5999999642372131,0.9987263083457947,0.0
2.6333913803100586,5.97434663772583,57.295799255371094,0.5999998450279236,-0.6093766093254089,-0.025489110499620438,0.03448495268821716,1.0000022649765015,1.0000026226043701,0.0,1.0,0.6108194589614868,-0.5937484502792358,1.7881393032936899e-09,0.0,0.0,0.9999973773956299,1.0000022649765015,1.0000026226043701,0.0,0.0,0.0,0.0,0.6005396842956543,0.6103499531745911,1.6636719703674316,-0.07067587971687317,-1.635791301727295,0.09257031977176666,0.0,0.0,0.0,0.0,1.0000022649765015,1.0000026226043701,0.059999980032444,-0.0025489141698926687,-0.05995497107505798,0.0034494518768042326,0.0,0.0,0.0,0.0,0.0,0.0,0.5999999642372131,0.9987263083457947,0.0
2.6375913619995117,5.97434663772583,57.295799255371094,0.5999998450279236,-0.6093766093254089,-0.025489110499620438,0.03448495268821716,1.0000022649765015,1.0000026226043701,0.0,1.0,0.6108194589614868,-0.5937484502792358,1.7881393032936899e-09,0.0,0.0,0.9999973773956299,1.0000022649765015,1.0000026226043701,0.0,0.0,0.0,0.0,0.6005396842956543,0.6103499531745911,1.6636719703674316,-0.07067587971687317,-1.635791301727295,0.09257031977176666,0.0,0.0,0.0,0.0,1.0000022649765015,1.0000026226043701,0.059999980032444,-0.0025489141698926687,-0.05995497107505798,0.0034494518768042326,0.0,0.0,0.0,0.0,0.0,0.0,0.5999999642372131,0.9987263083457947,0.0
2.641791343688965,5.97434663772583,57.295799255371094,0.5999998450279236,-0.6093766093254089,-0.025489110499620438,0.03448495268821716,1.0000022649765015,1.0000026226043701,0.0,1.0,0.6108194589614868,-0.5937484502792358,1.7881393032936899e-09,0.0,0.0,0.9999973773956299,1.0000022649765015,1.0000026226043701,0.0,0.0,0.0,0.0,0.6005396842956543,0.6103499531745911,1.6636719703674316,-0.07067587971687317,-1.635791301727295,0.09257031977176666,0.0,0.0,0.0,0.0,1.0000022649765015,1.0000026226043701,0.059999980032444,-0.0025489141698926687,-0.05995497107505798,0.0034494518768042326,0.0,0.0,0.0,0.0,0.0,0.0,0.5999999642372131,0.9987263083457947,0.0
2.645991325378418,5.97434663772583,57.295799255371094,0.5999998450279236,-0.6093766093254089,-0.025489110499620438,0.03448495268821716,1.0000022649765015,1.0000026226043701,0.0,1.0,0.6108194589614868,-0.5937484502792358,1.7881393032936899e-09,0.0,0.0,0.9999973773956299,1.0000022649765015,1.0000026226043701,0.0,0.0,0.0,0.0,0.6005396842956543,0.6103499531745911,1.6636719703674316,-0.07067587971687317,-1.635791301727295,0.09257031977176666,0.0,0.0,0.0,0.0,1.0000022649765015,1.0000026226043701,0.059999980032444,-0.0025489141698926687,-0.05995497107505798,0.0034494518768042326,0.0,0.0,0.0,0.0,0.0,0.0,0.5999999642372131,0.9987263083457947,0.0
2.650191307067871,5.97434663772583,57.295799255371094,0.5999998450279236,-0.6093766093254089,-0.025489110499620438,0.03448495268821716,1.0000022649765015,1.0000026226043701,0.0,1.0,0.6108194589614868,-0.5937484502792358,1.7881393032936899e-09,0.0,0.0,0.9999973773956299,1.0000022649765015,1.0000026226043701,0.0,0.0,0.0,0.0,0.6005396842956543,0.6103499531745911,1.6636719703674316,-0.07067587971687317,-1.635791301727295,0.09257031977176666,0.0,0.0,0.0,0.0,1.0000022649765015,1.0000026226043701,0.059999980032444,-0.0025489141698926687,-0.05995497107505798,0.0034494518768042326,0.0,0.0,0.0,0.0,0.0,0.0,0.5999999642372131,0.9987263083457947,0.0
2.654391288757324,5.97434663772583,57.295799255371094,0.5999998450279236,-0.6093766093254089,-0.025489110499620438,0.03448495268821716,1.0000022649765015,1.0000026226043701,0.0,1.0,0.6108194589614868,-0.5937484502792358,1.7881393032936899e-09,0.0,0.0,0.9999973773956299,1.0000022649765015,1.0000026226043701,0.0,0.0,0.0,0.0,0.6005396842956543,0.6103499531745911,1.6636719703674316,-0.07067587971687317,-1.635791301727295,0.09257031977176666,0.0,0.0,0.0,0.0,1.0000022649765015,1.0000026226043701,0.059999980032444,-0.0025489141698926687,-0.05995497107505798,0.0034494518768042326,0.0,0.0,0.0,0.0,0.0,0.0,0.5999999642372131,0.9987263083457947,0.0
2.6585912704467773,5.97434663772583,57.295799255371094,0.5999998450279236,-0.6093766093254089,-0.025489110499620438,0.03448495268821716,1.0000022649765015,1.0000026226043701,0.0,1.0,0.6108194589614868,-0.5937484502792358,1.7881393032936899e-09,0.0,0.0,0.9999973773956299,1.0000022649765015,1.0000026226043701,0.0,0.0,0.0,0.0,0.6005396842956543,0.6103499531745911,1.6636719703674316,-0.07067587971687317,-1.635791301727295,0.09257031977176666,0.0,0.0,0.0,0.0,1.0000022649765015,1.0000026226043701,0.059999980032444,-0.0025489141698926687,-0.05995497107505798,0.0034494518768042326,0.0,0.0,0.0,0.0,0.0,0.0,0.5999999642372131,0.9987263083457947,0.0
2.6627912521362305,5.97434663772583,57.295799255371094,0.5999998450279236,-0.6093766093254089,-0.025489110499620438,0.03448495268821716,1.0000022649765015,1.0000026226043701,0.0,1.0,0.6108194589614868,-0.5937484502792358,1.7881393032936899e-09,0.0,0.0,0.9999973773956299,1.0000022649765015,1.0000026226043701,0.0,0.0,0.0,0.0,0.6005396842956543,0.6103499531745911,1.6636719703674316,-0.07067587971687317,-1.635791301727295,0.09257031977176666,0.0,0.0,0.0,0.0,1.0000022649765015,1.0000026226043701,0.059999980032444,-0.0025489141698926687,-0.05995497107505798,0.0034494518768042326,0.0,0.0,0.0,0.0,0.0,0.0,0.5999999642372131,0.9987263083457947,0.0
2.6669912338256836,5.97434663772583,57.295799255371094,0.5999998450279236,-0.6093766093254089,-0.025489110499620438,0.03448495268821716,1.0000022649765015,1.0000026226043701,0.0,1.0,0.6108194589614868,-0.5937484502792358,1.7881393032936899e-09,0.0,0.0,0.9999973773956299,1.0000022649765015,1.0000026226043701,0.0,0.0,0.0,0.0,0.6005396842956543,0.6103499531745911,1.6636719703674316,-0.07067587971687317,-1.635791301727295,0.09257031977176666,0.0,0.0,0.0,0.0,1.0000022649765015,1.0000026226043701,0.059999980032444,-0.0025489141698926687,-0.05995497107505798,0.0034494518768042326,0.0,0.0,0.0,0.0,0.0,0.0,0.5999999642372131,0.9987263083457947,0.0
2.6711912155151367,5.97434663772583,57.295799255371094,0.5999998450279236,-0.6093766093254089,-0.025489110499620438,0.03448495268821716,1.0000022649765015,1.0000026226043701,0.0,1.0,0.6108194589614868,-0.5937484502792358,1.7881393032936899e-09,0.0,0.0,0.9999973773956299,1.0000022649765015,1.0000026226043701,0.0,0.0,0.0,0.0,0.6005396842956543,0.6103499531745911,1.6636719703674316,-0.07067587971687317,-1.635791301727295,0.09257031977176666,0.0,0.0,0.0,0.0,1.0000022649765015,1.0000026226043701,0.059999980032444,-0.0025489141698926687,-0.05995497107505798,0.0034494518768042326,0.0,0.0,0.0,0.0,0.0,0.0,0.5999999642372131,0.9987263083457947,0.0
2.67539119720459,5.97434663772583,57.295799255371094,0.5999998450279236,-0.6093766093254089,-0.025489110499620438,0.03448495268821716,1.0000022649765015,1.0000026226043701,0.0,1.0,0.6108194589614868,-0.5937484502792358,1.7881393032936899e-09,0.0,0.0,0.9999973773956299,1.0000022649765015,1.0000026226043701,0.0,0.0,0.0,0.0,0.6005396842956543,0.6103499531745911,1.6636719703674316,-0.07067587971687317,-1.635791301727295,0.09257031977176666,0.0,0.0,0.0,0.0,1.0000022649765015,1.0000026226043701,0.059999980032444,-0.0025489141698926687,-0.05995497107505798,0.0034494518768042326,0.0,0.0,0.0,0.0,0.0,0.0,0.5999999642372131,0.9987263083457947,0.0
2.679591178894043,5.97434663772583,57.295799255371094,0.5999998450279236,-0.6093766093254089,-0.025489110499620438,0.03448495268821716,1.0000022649765015,1.0000026226043701,0.0,1.0,0.6108194589614868,-0.5937484502792358,1.7881393032936899e-09,0.0,0.0,0.9999973773956299,1.0000022649765015,1.0000026226043701,0.0,0.0,0.0,0.0,0.6005396842956543,0.6103499531745911,1.6636719703674316,-0.07067587971687317,-1.635791301727295,0.09257031977176666,0.0,0.0,0.0,0.0,1.0000022649765015,1.0000026226043701,0.059999980032444,-0.0025489141698926687,-0.05995497107505798,0.0034494518768042326,0.0,0.0,0.0,0.0,0.0,0.0,0.5999999642372131,0.9987263083457947,0.0
2.683791160583496,5.97434663772583,57.295799255371094,0.5999998450279236,-0.6093766093254089,-0.025489110499620438,0.03448495268821716,1.0000022649765015,1.0000026226043701,0.0,1.0,0.6108194589614868,-0.5937484502792358,1.7881393032936899e-09,0.0,0.0,0.9999973773956299,1.0000022649765015,1.0000026226043701,0.0,0.0,0.0,0.0,0.6005396842956543,0.6103499531745911,1.6636719703674316,-0.07067587971687317,-1.635791301727295,0.09257031977176666,0.0,0.0,0.0,0.0,1.0000022649765015,1.0000026226043701,0.059999980032444,-0.0025489141698926687,-0.05995497107505798,0.0034494518768042326,0.0,0.0,0.0,0.0,0.0,0.0,0.5999999642372131,0.9987263083457947,0.0
2.687991142272949,5.97434663772583,57.295799255371094,0.5999998450279236,-0.6093766093254089,-0.025489110499620438,0.03448495268821716,1.0000022649765015,1.0000026226043701,0.0,1.0,0.6108194589614868,-0.5937484502792358,1.7881393032936899e-09,0.0,0.0,0.9999973773956299,1.0000022649765015,1.0000026226043701,0.0,0.0,0.0,0.0,0.6005396842956543,0.6103499531745911,1.6636719703674316,-0.07067587971687317,-1.635791301727295,0.09257031977176666,0.0,0.0,0.0,0.0,1.0000022649765015,1.0000026226043701,0.059999980032444,-0.0025489141698926687,-0.05995497107505798,0.0034494518768042326,0.0,0.0,0.0,0.0,0.0,0.0,0.5999999642372131,0.9987263083457947,0.0
2.6921911239624023,5.97434663772583,57.295799255371094,0.5999998450279236,-0.6093766093254089,-0.025489110499620438,0.03448495268821716,1.0000022649765015,1.0000026226043701,0.0,1.0,0.6108194589614868,-0.5937484502792358,1.7881393032936899e-09,0.0,0.0,0.9999973773956299,1.0000022649765015,1.0000026226043701,0.0,0.0,0.0,0.0,0.6005396842956543,0.6103499531745911,1.6636719703674316,-0.07067587971687317,-1.635791301727295,0.09257031977176666,0.0,0.0,0.0,0.0,1.0000022649765015,1.0000026226043701,0.059999980032444,-0.0025489141698926687,-0.05995497107505798,0.0034494518768042326,0.0,0.0,0.0,0.0,0.0,0.0,0.5999999642372131,0.9987263083457947,0.0
2.6963911056518555,5.97434663772583,57.295799255371094,0.5999998450279236,-0.6093766093254089,-0.025489110499620438,0.03448495268821716,1.0000022649765015,1.0000026226043701,0.0,1.0,0.6108194589614868,-0.5937484502792358,1.7881393032936899e-09,0.0,0.0,0.9999973773956299,1.0000022649765015,1.0000026226043701,0.0,0.0,0.0,0.0,0.6005396842956543,0.6103499531745911,1.6636719703674316,-0.07067587971687317,-1.635791301727295,0.09257031977176666,0.0,0.0,0.0,0.0,1.0000022649765015,1.0000026226043701,0.059999980032444,-0.0025489141698926687,-0.05995497107505798,0.0034494518768042326,0.0,0.0,0.0,0.0,0.0,0.0,0.5999999642372131,0.9987263083457947,0.0
2.7005910873413086,5.97434663772583,57.295799255371094,0.5999998450279236,-0.6093766093254089,-0.025489110499620438,0.03448495268821716,1.0000022649765015,1.0000026226043701,0.0,1.0,0.6108194589614868,-0.5937484502792358,1.7881393032936899e-09,0.0,0.0,0.9999973773956299,1.0000022649765015,1.0000026226043701,0.0,0.0,0.0,0.0,0.6005396842956543,0.6103499531745911,1.6636719703674316,-0.07067587971687317,-1.635791301727295,0.09257031977176666,0.0,0.0,0.0,0.0,1.0000022649765015,1.0000026226043701,0.059999980032444,-0.0025489141698926687,-0.05995497107505798,0.0034494518768042326,0.0,0.0,0.0,0.0,0.0,0.0,0.5999999642372131,0.9987263083457947,0.0
2.7047910690307617,5.97434663772583,57.295799255371094,0.5999998450279236,-0.6093766093254089,-0.025489110499620438,0.03448495268821716,1.0000022649765015,1.0000026226043701,0.0,1.0,0.6108194589614868,-0.5937484502792358,1.7881393032936899e-09,0.0,0.0,0.9999973773956299,1.0000022649765015,1.0000026226043701,0.0,0.0,0.0,0.0,0.6005396842956543,0.6103499531745911,1.6636719703674316,-0.07067587971687317,-1.635791301727295,0.09257031977176666,0.0,0.0,0.0,0.0,1.0000022649765015,1.0000026226043701,0.059999980032444,-0.0025489141698926687,-0.05995497107505798,0.0034494518768042326,0.0,0.0,0.0,0.0,0.0,0.0,0.5999999642372131,0.9987263083457947,0.0
2.708991050720215,5.97434663772583,57.295799255371094,0.5999998450279236,-0.6093766093254089,-0.025489110499620438,0.03448495268821716,1.0000022649765015,1.0000026226043701,0.0,1.0,0.6108194589614868,-0.5937484502792358,1.7881393032936899e-09,0.0,0.0,0.9999973773956299,1.0000022649765015,1.0000026226043701,0.0,0.0,0.0,0.0,0.6005396842956543,0.6103499531745911,1.6636719703674316,-0.07067587971687317,-1.635791301727295,0.09257031977176666,0.0,0.0,0.0,0.0,1.0000022649765015,1.0000026226043701,0.059999980032444,-0.0025489141698926687,-0.05995497107505798,0.0034494518768042326,0.0,0.0,0.0,0.0,0.0,0.0,0.5999999642372131,0.9987263083457947,0.0
2.713191032409668,5.97434663772583,57.295799255371094,0.5999998450279236,-0.6093766093254089,-0.025489110499620438,0.03448495268821716,1.0000022649765015,1.0000026226043701,0.0,1.0,0.6108194589614868,-0.5937484502792358,1.7881393032936899e-09,0.0,0.0,0.9999973773956299,1.0000022649765015,1.0000026226043701,0.0,0.0,0.0,0.0,0.6005396842956543,0.6103499531745911,1.6636719703674316,-0.07067587971687317,-1.635791301727295,0.09257031977176666,0.0,0.0,0.0,0.0,1.0000022649765015,1.0000026226043701,0.059999980032444,-0.0025489141698926687,-0.05995497107505798,0.0034494518768042326,0.0,0.0,0.0,0.0,0.0,0.0,0.5999999642372131,0.9987263083457947,0.0
2.717391014099121,5.97434663772583,57.295799255371094,0.5999998450279236,-0.6093766093254089,-0.025489110499620438,0.03448495268821716,1.0000022649765015,1.0000026226043701,0.0,1.0,0.6108194589614868,-0.5937484502792358,1.7881393032936899e-09,0.0,0.0,0.9999973773956299,1.0000022649765015,1.0000026226043701,0.0,0.0,0.0,0.0,0.6005396842956543,0.6103499531745911,1.6636719703674316,-0.07067587971687317,-1.635791301727295,0.09257031977176666,0.0,0.0,0.0,0.0,1.0000022649765015,1.0000026226043701,0.059999980032444,-0.0025489141698926687,-0.05995497107505798,0.0034494518768042326,0.0,0.0,0.0,0.0,0.0,0.0,0.5999999642372131,0.9987263083457947,0.0
2.721590995788574,5.97434663772583,57.295799255371094,0.5999998450279236,-0.6093766093254089,-0.025489110499620438,0.03448495268821716,1.0000022649765015,1.0000026226043701,0.0,1.0,0.6108194589614868,-0.5937484502792358,1.7881393032936899e-09,0.0,0.0,0.9999973773956299,1.0000022649765015,1.0000026226043701,0.0,0.0,0.0,0.0,0.6005396842956543,0.6103499531745911,1.6636719703674316,-0.07067587971687317,-1.635791301727295,0.09257031977176666,0.0,0.0,0.0,0.0,1.0000022649765015,1.0000026226043701,0.059999980032444,-0.0025489141698926687,-0.05995497107505798,0.0034494518768042326,0.0,0.0,0.0,0.0,0.0,0.0,0.5999999642372131,0.9987263083457947,0.0
2.7257909774780273,5.97434663772583,57.295799255371094,0.5999998450279236,-0.6093766093254089,-0.025489110499620438,0.03448495268821716,1.0000022649765015,1.0000026226043701,0.0,1.0,0.6108194589614868,-0.5937484502792358,1.7881393032936899e-09,0.0,0.0,0.9999973773956299,1.0000022649765015,1.0000026226043701,0.0,0.0,0.0,0.0,0.6005396842956543,0.6103499531745911,1.6636719703674316,-0.07067587971687317,-1.635791301727295,0.09257031977176666,0.0,0.0,0.0,0.0,1.0000022649765015,1.0000026226043701,0.059999980032444,-0.0025489141698926687,-0.05995497107505798,0.0034494518768042326,0.0,0.0,0.0,0.0,0.0,0.0,0.5999999642372131,0.9987263083457947,0.0
2.7299909591674805,5.97434663772583,57.295799255371094,0.5999998450279236,-0.6093766093254089,-0.025489110499620438,0.03448495268821716,1.0000022649765015,1.0000026226043701,0.0,1.0,0.6108194589614868,-0.5937484502792358,1.7881393032936899e-09,0.0,0.0,0.9999973773956299,1.0000022649765015,1.0000026226043701,0.0,0.0,0.0,0.0,0.6005396842956543,0.6103499531745911,1.6636719703674316,-0.07067587971687317,-1.635791301727295,0.09257031977176666,0.0,0.0,0.0,0.0,1.0000022649765015,1.0000026226043701,0.059999980032444,-0.0025489141698926687,-0.05995497107505798,0.0034494518768042326,0.0,0.0,0.0,0.0,0.0,0.0,0.5999999642372131,0.9987263083457947,0.0
2.7341909408569336,5.97434663772583,57.295799255371094,0.5999998450279236,-0.6093766093254089,-0.025489110499620438,0.03448495268821716,1.0000022649765015,1.0000026226043701,0.0,1.0,0.6108194589614868,-0.5937484502792358,1.7881393032936899e-09,0.0,0.0,0.9999973773956299,1.0000022649765015,1.0000026226043701,0.0,0.0,0.0,0.0,0.6005396842956543,0.6103499531745911,1.6636719703674316,-0.07067587971687317,-1.635791301727295,0.09257031977176666,0.0,0.0,0.0,0.0,1.0000022649765015,1.0000026226043701,0.059999980032444,-0.0025489141698926687,-0.05995497107505798,0.0034494518768042326,0.0,0.0,0.0,0.0,0.0,0.0,0.5999999642372131,0.9987263083457947,0.0
2.7383909225463867,5.97434663772583,57.295799255371094,0.5999998450279236,-0.6093766093254089,-0.025489110499620438,0.03448495268821716,1.0000022649765015,1.0000026226043701,0.0,1.0,0.6108194589614868,-0.5937484502792358,1.7881393032936899e-09,0.0,0.0,0.9999973773956299,1.0000022649765015,1.0000026226043701,0.0,0.0,0.0,0.0,0.6005396842956543,0.6103499531745911,1.6636719703674316,-0.07067587971687317,-1.635791301727295,0.09257031977176666,0.0,0.0,0.0,0.0,1.0000022649765015,1.0000026226043701,0.059999980032444,-0.0025489141698926687,-0.05995497107505798,0.0034494518768042326,0.0,0.0,0.0,0.0,0.0,0.0,0.5999999642372131,0.9987263083457947,0.0
2.74259090423584,5.97434663772583,57.295799255371094,0.5999998450279236,-0.6093766093254089,-0.025489110499620438,0.03448495268821716,1.0000022649765015,1.0000026226043701,0.0,1.0,0.6108194589614868,-0.5937484502792358,1.7881393032936899e-09,0.0,0.0,0.9999973773956299,1.0000022649765015,1.0000026226043701,0.0,0.0,0.0,0.0,0.6005396842956543,0.6103499531745911,1.6636719703674316,-0.07067587971687317,-1.635791301727295,0.09257031977176666,0.0,0.0,0.0,0.0,1.0000022649765015,1.0000026226043701,0.059999980032444,-0.0025489141698926687,-0.05995497107505798,0.0034494518768042326,0.0,0.0,0.0,0.0,0.0,0.0,0.5999999642372131,0.9987263083457947,0.0
2.746790885925293,5.97434663772583,57.295799255371094,0.5999998450279236,-0.6093766093254089,-0.025489110499620438,0.03448495268821716,1.0000022649765015,1.0000026226043701,0.0,1.0,0.6108194589614868,-0.5937484502792358,1.7881393032936899e-09,0.0,0.0,0.9999973773956299,1.0000022649765015,1.0000026226043701,0.0,0.0,0.0,0.0,0.6005396842956543,0.6103499531745911,1.6636719703674316,-0.07067587971687317,-1.635791301727295,0.09257031977176666,0.0,0.0,0.0,0.0,1.0000022649765015,1.0000026226043701,0.059999980032444,-0.0025489141698926687,-0.05995497107505798,0.0034494518768042326,0.0,0.0,0.0,0.0,0.0,0.0,0.5999999642372131,0.9987263083457947,0.0
2.750990867614746,5.97434663772583,57.295799255371094,0.5999998450279236,-0.6093766093254089,-0.025489110499620438,0.03448495268821716,1.0000022649765015,1.0000026226043701,0.0,1.0,0.6108194589614868,-0.5937484502792358,1.7881393032936899e-09,0.0,0.0,0.9999973773956299,1.0000022649765015,1.0000026226043701,0.0,0.0,0.0,0.0,0.6005396842956543,0.6103499531745911,1.6636719703674316,-0.07067587971687317,-1.635791301727295,0.09257031977176666,0.0,0.0,0.0,0.0,1.0000022649765015,1.0000026226043701,0.059999980032444,-0.0025489141698926687,-0.05995497107505798,0.0034494518768042326,0.0,0.0,0.0,0.0,0.0,0.0,0.5999999642372131,0.9987263083457947,0.0
2.755190849304199,5.97434663772583,57.295799255371094,0.5999998450279236,-0.6093766093254089,-0.025489110499620438,0.03448495268821716,1.0000022649765015,1.0000026226043701,0.0,1.0,0.6108194589614868,-0.5937484502792358,1.7881393032936899e-09,0.0,0.0,0.9999973773956299,1.0000022649765015,1.0000026226043701,0.0,0.0,0.0,0.0,0.6005396842956543,0.6103499531745911,1.6636719703674316,-0.07067587971687317,-1.635791301727295,0.09257031977176666,0.0,0.0,0.0,0.0,1.0000022649765015,1.0000026226043701,0.059999980032444,-0.0025489141698926687,-0.05995497107505798,0.0034494518768042326,0.0,0.0,0.0,0.0,0.0,0.0,0.5999999642372131,0.9987263083457947,0.0
2.7593908309936523,5.97434663772583,57.295799255371094,0.5999998450279236,-0.6093766093254089,-0.025489110499620438,0.03448495268821716,1.0000022649765015,1.0000026226043701,0.0,1.0,0.6108194589614868,-0.5937484502792358,1.7881393032936899e-09,0.0,0.0,0.9999973773956299,1.0000022649765015,1.0000026226043701,0.0,0.0,0.0,0.0,0.6005396842956543,0.6103499531745911,1.6636719703674316,-0.07067587971687317,-1.635791301727295,0.09257031977176666,0.0,0.0,0.0,0.0,1.0000022649765015,1.0000026226043701,0.059999980032444,-0.0025489141698926687,-0.05995497107505798,0.0034494518768042326,0.0,0.0,0.0,0.0,0.0,0.0,0.5999999642372131,0.9987263083457947,0.0
2.7635908126831055,5.97434663772583,57.295799255371094,0.5999998450279236,-0.6093766093254089,-0.025489110499620438,0.03448495268821716,1.0000022649765015,1.0000026226043701,0.0,1.0,0.6108194589614868,-0.5937484502792358,1.7881393032936899e-09,0.0,0.0,0.9999973773956299,1.0000022649765015,1.0000026226043701,0.0,0.0,0.0,0.0,0.6005396842956543,0.6103499531745911,1.6636719703674316,-0.07067587971687317,-1.635791301727295,0.09257031977176666,0.0,0.0,0.0,0.0,1.0000022649765015,1.0000026226043701,0.059999980032444,-0.0025489141698926687,-0.05995497107505798,0.0034494518768042326,0.0,0.0,0.0,0.0,0.0,0.0,0.5999999642372131,0.9987263083457947,0.0
2.7677907943725586,5.97434663772583,57.295799255371094,0.5999998450279236,-0.6093766093254089,-0.025489110499620438,0.03448495268821716,1.0000022649765015,1.0000026226043701,0.0,1.0,0.6108194589614868,-0.5937484502792358,1.7881393032936899e-09,0.0,0.0,0.9999973773956299,1.0000022649765015,1.0000026226043701,0.0,0.0,0.0,0.0,0.6005396842956543,0.6103499531745911,1.6636719703674316,-0.07067587971687317,-1.635791301727295,0.09257031977176666,0.0,0.0,0.0,0.0,1.0000022649765015,1.0000026226043701,0.059999980032444,-0.0025489141698926687,-0.05995497107505798,0.0034494518768042326,0.0,0.0,0.0,0.0,0.0,0.0,0.5999999642372131,0.9987263083457947,0.0
2.7719907760620117,5.97434663772583,57.295799255371094,0.5999998450279236,-0.6093766093254089,-0.025489110499620438,0.03448495268821716,1.0000022649765015,1.0000026226043701,0.0,1.0,0.6108194589614868,-0.5937484502792358,1.7881393032936899e-09,0.0,0.0,0.9999973773956299,1.0000022649765015,1.0000026226043701,0.0,0.0,0.0,0.0,0.6005396842956543,0.6103499531745911,1.6636719703674316,-0.07067587971687317,-1.635791301727295,0.09257031977176666,0.0,0.0,0.0,0.0,1.0000022649765015,1.0000026226043701,0.059999980032444,-0.0025489141698926687,-0.05995497107505798,0.0034494518768042326,0.0,0.0,0.0,0.0,0.0,0.0,0.5999999642372131,0.9987263083457947,0.0
2.776190757751465,5.97434663772583,57.295799255371094,0.5999998450279236,-0.6093766093254089,-0.025489110499620438,0.03448495268821716,1.0000022649765015,1.0000026226043701,0.0,1.0,0.6108194589614868,-0.5937484502792358,1.7881393032936899e-09,0.0,0.0,0.9999973773956299,1.0000022649765015,1.0000026226043701,0.0,0.0,0.0,0.0,0.6005396842956543,0.6103499531745911,1.6636719703674316,-0.07067587971687317,-1.635791301727295,0.09257031977176666,0.0,0.0,0.0,0.0,1.0000022649765015,1.0000026226043701,0.059999980032444,-0.0025489141698926687,-0.05995497107505798,0.0034494518768042326,0.0,0.0,0.0,0.0,0.0,0.0,0.5999999642372131,0.9987263083457947,0.0
2.780390739440918,5.97434663772583,57.295799255371094,0.5999998450279236,-0.6093766093254089,-0.025489110499620438,0.03448495268821716,1.0000022649765015,1.0000026226043701,0.0,1.0,0.6108194589614868,-0.5937484502792358,1.7881393032936899e-09,0.0,0.0,0.9999973773956299,1.0000022649765015,1.0000026226043701,0.0,0.0,0.0,0.0,0.6005396842956543,0.6103499531745911,1.6636719703674316,-0.07067587971687317,-1.635791301727295,0.09257031977176666,0.0,0.0,0.0,0.0,1.0000022649765015,1.0000026226043701,0.059999980032444,-0.0025489141698926687,-0.05995497107505798,0.0034494518768042326,0.0,0.0,0.0,0.0,0.0,0.0,0.5999999642372131,0.9987263083457947,0.0
2.784590721130371,5.97434663772583,57.295799255371094,0.5999998450279236,-0.6093766093254089,-0.025489110499620438,0.03448495268821716,1.0000022649765015,1.0000026226043701,0.0,1.0,0.6108194589614868,-0.5937484502792358,1.7881393032936899e-09,0.0,0.0,0.9999973773956299,1.0000022649765015,1.0000026226043701,0.0,0.0,0.0,0.0,0.6005396842956543,0.6103499531745911,1.6636719703674316,-0.07067587971687317,-1.635791301727295,0.09257031977176666,0.0,0.0,0.0,0.0,1.0000022649765015,1.0000026226043701,0.059999980032444,-0.0025489141698926687,-0.05995497107505798,0.0034494518768042326,0.0,0.0,0.0,0.0,0.0,0.0,0.5999999642372131,0.9987263083457947,0.0
2.788790702819824,5.97434663772583,57.295799255371094,0.5999998450279236,-0.6093766093254089,-0.025489110499620438,0.03448495268821716,1.0000022649765015,1.0000026226043701,0.0,1.0,0.6108194589614868,-0.5937484502792358,1.7881393032936899e-09,0.0,0.0,0.9999973773956299,1.0000022649765015,1.0000026226043701,0.0,0.0,0.0,0.0,0.6005396842956543,0.6103499531745911,1.6636719703674316,-0.07067587971687317,-1.635791301727295,0.09257031977176666,0.0,0.0,0.0,0.0,1.0000022649765015,1.0000026226043701,0.059999980032444,-0.0025489141698926687,-0.05995497107505798,0.0034494518768042326,0.0,0.0,0.0,0.0,0.0,0.0,0.5999999642372131,0.9987263083457947,0.0
2.7929906845092773,5.97434663772583,57.295799255371094,0.5999998450279236,-0.6093766093254089,-0.025489110499620438,0.03448495268821716,1.0000022649765015,1.0000026226043701,0.0,1.0,0.6108194589614868,-0.5937484502792358,1.7881393032936899e-09,0.0,0.0,0.9999973773956299,1.0000022649765015,1.0000026226043701,0.0,0.0,0.0,0.0,0.6005396842956543,0.6103499531745911,1.6636719703674316,-0.07067587971687317,-1.635791301727295,0.09257031977176666,0.0,0.0,0.0,0.0,1.0000022649765015,1.0000026226043701,0.059999980032444,-0.0025489141698926687,-0.05995497107505798,0.0034494518768042326,0.0,0.0,0.0,0.0,0.0,0.0,0.5999999642372131,0.9987263083457947,0.0
2.7971906661987305,5.97434663772583,57.295799255371094,0.5999998450279236,-0.6093766093254089,-0.025489110499620438,0.03448495268821716,1.0000022649765015,1.0000026226043701,0.0,1.0,0.6108194589614868,-0.5937484502792358,1.7881393032936899e-09,0.0,0.0,0.9999973773956299,1.0000022649765015,1.0000026226043701,0.0,0.0,0.0,0.0,0.6005396842956543,0.6103499531745911,1.6636719703674316,-0.07067587971687317,-1.635791301727295,0.09257031977176666,0.0,0.0,0.0,0.0,1.0000022649765015,1.0000026226043701,0.059999980032444,-0.0025489141698926687,-0.05995497107505798,0.0034494518768042326,0.0,0.0,0.0,0.0,0.0,0.0,0.5999999642372131,0.9987263083457947,0.0
2.8013906478881836,5.97434663772583,57.295799255371094,0.5999998450279236,-0.6093766093254089,-0.025489110499620438,0.03448495268821716,1.0000022649765015,1.0000026226043701,0.0,1.0,0.6108194589614868,-0.5937484502792358,1.7881393032936899e-09,0.0,0.0,0.9999973773956299,1.0000022649765015,1.0000026226043701,0.0,0.0,0.0,0.0,0.6005396842956543,0.6103499531745911,1.6636719703674316,-0.07067587971687317,-1.635791301727295,0.09257031977176666,0.0,0.0,0.0,0.0,1.0000022649765015,1.0000026226043701,0.059999980032444,-0.0025489141698926687,-0.05995497107505798,0.0034494518768042326,0.0,0.0,0.0,0.0,0.0,0.0,0.5999999642372131,0.9987263083457947,0.0
2.8055906295776367,5.97434663772583,57.295799255371094,0.5999998450279236,-0.6093766093254089,-0.025489110499620438,0.03448495268821716,1.0000022649765015,1.0000026226043701,0.0,1.0,0.6108194589614868,-0.5937484502792358,1.7881393032936899e-09,0.0,0.0,0.9999973773956299,1.0000022649765015,1.0000026226043701,0.0,0.0,0.0,0.0,0.6005396842956543,0.6103499531745911,1.6636719703674316,-0.07067587971687317,-1.635791301727295,0.09257031977176666,0.0,0.0,0.0,0.0,1.0000022649765015,1.0000026226043701,0.059999980032444,-0.0025489141698926687,-0.05995497107505798,0.0034494518768042326,0.0,0.0,0.0,0.0,0.0,0.0,0.5999999642372131,0.9987263083457947,0.0
2.80979061126709,5.97434663772583,57.295799255371094,0.5999998450279236,-0.6093766093254089,-0.025489110499620438,0.03448495268821716,1.0000022649765015,1.0000026226043701,0.0,1.0,0.6108194589614868,-0.5937484502792358,1.7881393032936899e-09,0.0,0.0,0.9999973773956299,1.0000022649765015,1.0000026226043701,0.0,0.0,0.0,0.0,0.6005396842956543,0.6103499531745911,1.6636719703674316,-0.07067587971687317,-1.635791301727295,0.09257031977176666,0.0,0.0,0.0,0.0,1.0000022649765015,1.0000026226043701,0.059999980032444,-0.0025489141698926687,-0.05995497107505798,0.0034494518768042326,0.0,0.0,0.0,0.0,0.0,0.0,0.5999999642372131,0.9987263083457947,0.0
2.813990592956543,5.97434663772583,57.295799255371094,0.5999998450279236,-0.6093766093254089,-0.025489110499620438,0.03448495268821716,1.0000022649765015,1.0000026226043701,0.0,1.0,0.6108194589614868,-0.5937484502792358,1.7881393032936899e-09,0.0,0.0,0.9999973773956299,1.0000022649765015,1.0000026226043701,0.0,0.0,0.0,0.0,0.6005396842956543,0.6103499531745911,1.6636719703674316,-0.07067587971687317,-1.635791301727295,0.09257031977176666,0.0,0.0,0.0,0.0,1.0000022649765015,1.0000026226043701,0.059999980032444,-0.0025489141698926687,-0.05995497107505798,0.0034494518768042326,0.0,0.0,0.0,0.0,0.0,0.0,0.5999999642372131,0.9987263083457947,0.0
2.818190574645996,5.97434663772583,57.295799255371094,0.5999998450279236,-0.6093766093254089,-0.025489110499620438,0.03448495268821716,1.0000022649765015,1.0000026226043701,0.0,1.0,0.6108194589614868,-0.5937484502792358,1.7881393032936899e-09,0.0,0.0,0.9999973773956299,1.0000022649765015,1.0000026226043701,0.0,0.0,0.0,0.0,0.6005396842956543,0.6103499531745911,1.6636719703674316,-0.07067587971687317,-1.635791301727295,0.09257031977176666,0.0,0.0,0.0,0.0,1.0000022649765015,1.0000026226043701,0.059999980032444,-0.0025489141698926687,-0.05995497107505798,0.0034494518768042326,0.0,0.0,0.0,0.0,0.0,0.0,0.5999999642372131,0.9987263083457947,0.0
2.822390556335449,5.97434663772583,57.295799255371094,0.5999998450279236,-0.6093766093254089,-0.025489110499620438,0.03448495268821716,1.0000022649765015,1.0000026226043701,0.0,1.0,0.6108194589614868,-0.5937484502792358,1.7881393032936899e-09,0.0,0.0,0.9999973773956299,1.0000022649765015,1.0000026226043701,0.0,0.0,0.0,0.0,0.6005396842956543,0.6103499531745911,1.6636719703674316,-0.07067587971687317,-1.635791301727295,0.09257031977176666,0.0,0.0,0.0,0.0,1.0000022649765015,1.0000026226043701,0.059999980032444,-0.0025489141698926687,-0.05995497107505798,0.0034494518768042326,0.0,0.0,0.0,0.0,0.0,0.0,0.5999999642372131,0.9987263083457947,0.0
2.8265905380249023,5.97434663772583,57.295799255371094,0.5999998450279236,-0.6093766093254089,-0.025489110499620438,0.03448495268821716,1.0000022649765015,1.0000026226043701,0.0,1.0,0.6108194589614868,-0.5937484502792358,1.7881393032936899e-09,0.0,0.0,0.9999973773956299,1.0000022649765015,1.0000026226043701,0.0,0.0,0.0,0.0,0.6005396842956543,0.6103499531745911,1.6636719703674316,-0.07067587971687317,-1.635791301727295,0.09257031977176666,0.0,0.0,0.0,0.0,1.0000022649765015,1.0000026226043701,0.059999980032444,-0.0025489141698926687,-0.05995497107505798,0.0034494518768042326,0.0,0.0,0.0,0.0,0.0,0.0,0.5999999642372131,0.9987263083457947,0.0
2.8307905197143555,5.97434663772583,57.295799255371094,0.5999998450279236,-0.6093766093254089,-0.025489110499620438,0.03448495268821716,1.0000022649765015,1.0000026226043701,0.0,1.0,0.6108194589614868,-0.5937484502792358,1.7881393032936899e-09,0.0,0.0,0.9999973773956299,1.0000022649765015,1.0000026226043701,0.0,0.0,0.0,0.0,0.6005396842956543,0.6103499531745911,1.6636719703674316,-0.07067587971687317,-1.635791301727295,0.09257031977176666,0.0,0.0,0.0,0.0,1.0000022649765015,1.0000026226043701,0.059999980032444,-0.0025489141698926687,-0.05995497107505798,0.0034494518768042326,0.0,0.0,0.0,0.0,0.0,0.0,0.5999999642372131,0.9987263083457947,0.0
2.8349905014038086,5.97434663772583,57.295799255371094,0.5999998450279236,-0.6093766093254089,-0.025489110499620438,0.03448495268821716,1.0000022649765015,1.0000026226043701,0.0,1.0,0.6108194589614868,-0.5937484502792358,1.7881393032936899e-09,0.0,0.0,0.9999973773956299,1.0000022649765015,1.0000026226043701,0.0,0.0,0.0,0.0,0.6005396842956543,0.6103499531745911,1.6636719703674316,-0.07067587971687317,-1.635791301727295,0.09257031977176666,0.0,0.0,0.0,0.0,1.0000022649765015,1.0000026226043701,0.059999980032444,-0.0025489141698926687,-0.05995497107505798,0.0034494518768042326,0.0,0.0,0.0,0.0,0.0,0.0,0.5999999642372131,0.9987263083457947,0.0
2.8391904830932617,5.97434663772583,57.295799255371094,0.5999998450279236,-0.6093766093254089,-0.025489110499620438,0.03448495268821716,1.0000022649765015,1.0000026226043701,0.0,1.0,0.6108194589614868,-0.5937484502792358,1.7881393032936899e-09,0.0,0.0,0.9999973773956299,1.0000022649765015,1.0000026226043701,0.0,0.0,0.0,0.0,0.6005396842956543,0.6103499531745911,1.6636719703674316,-0.07067587971687317,-1.635791301727295,0.09257031977176666,0.0,0.0,0.0,0.0,1.0000022649765015,1.0000026226043701,0.059999980032444,-0.0025489141698926687,-0.05995497107505798,0.0034494518768042326,0.0,0.0,0.0,0.0,0.0,0.0,0.5999999642372131,0.9987263083457947,0.0
2.843390464782715,5.97434663772583,57.295799255371094,0.5999998450279236,-0.6093766093254089,-0.025489110499620438,0.03448495268821716,1.0000022649765015,1.0000026226043701,0.0,1.0,0.6108194589614868,-0.5937484502792358,1.7881393032936899e-09,0.0,0.0,0.9999973773956299,1.0000022649765015,1.0000026226043701,0.0,0.0,0.0,0.0,0.6005396842956543,0.6103499531745911,1.6636719703674316,-0.07067587971687317,-1.635791301727295,0.09257031977176666,0.0,0.0,0.0,0.0,1.0000022649765015,1.0000026226043701,0.059999980032444,-0.0025489141698926687,-0.05995497107505798,0.0034494518768042326,0.0,0.0,0.0,0.0,0.0,0.0,0.5999999642372131,0.9987263083457947,0.0
2.847590446472168,5.97434663772583,57.295799255371094,0.5999998450279236,-0.6093766093254089,-0.025489110499620438,0.03448495268821716,1.0000022649765015,1.0000026226043701,0.0,1.0,0.6108194589614868,-0.5937484502792358,1.7881393032936899e-09,0.0,0.0,0.9999973773956299,1.0000022649765015,1.0000026226043701,0.0,0.0,0.0,0.0,0.6005396842956543,0.6103499531745911,1.6636719703674316,-0.07067587971687317,-1.635791301727295,0.09257031977176666,0.0,0.0,0.0,0.0,1.0000022649765015,1.0000026226043701,0.059999980032444,-0.0025489141698926687,-0.05995497107505798,0.0034494518768042326,0.0,0.0,0.0,0.0,0.0,0.0,0.5999999642372131,0.9987263083457947,0.0
2.851790428161621,5.97434663772583,57.295799255371094,0.5999998450279236,-0.6093766093254089,-0.025489110499620438,0.03448495268821716,1.0000022649765015,1.0000026226043701,0.0,1.0,0.6108194589614868,-0.5937484502792358,1.7881393032936899e-09,0.0,0.0,0.9999973773956299,1.0000022649765015,1.0000026226043701,0.0,0.0,0.0,0.0,0.6005396842956543,0.6103499531745911,1.6636719703674316,-0.07067587971687317,-1.635791301727295,0.09257031977176666,0.0,0.0,0.0,0.0,1.0000022649765015,1.0000026226043701,0.059999980032444,-0.0025489141698926687,-0.05995497107505798,0.0034494518768042326,0.0,0.0,0.0,0.0,0.0,0.0,0.5999999642372131,0.9987263083457947,0.0
2.855990409851074,5.97434663772583,57.295799255371094,0.5999998450279236,-0.6093766093254089,-0.025489110499620438,0.03448495268821716,1.0000022649765015,1.0000026226043701,0.0,1.0,0.6108194589614868,-0.5937484502792358,1.7881393032936899e-09,0.0,0.0,0.9999973773956299,1.0000022649765015,1.0000026226043701,0.0,0.0,0.0,0.0,0.6005396842956543,0.6103499531745911,1.6636719703674316,-0.07067587971687317,-1.635791301727295,0.09257031977176666,0.0,0.0,0.0,0.0,1.0000022649765015,1.0000026226043701,0.059999980032444,-0.0025489141698926687,-0.05995497107505798,0.0034494518768042326,0.0,0.0,0.0,0.0,0.0,0.0,0.5999999642372131,0.9987263083457947,0.0
2.8601903915405273,5.97434663772583,57.295799255371094,0.5999998450279236,-0.6093766093254089,-0.025489110499620438,0.03448495268821716,1.0000022649765015,1.0000026226043701,0.0,1.0,0.6108194589614868,-0.5937484502792358,1.7881393032936899e-09,0.0,0.0,0.9999973773956299,1.0000022649765015,1.0000026226043701,0.0,0.0,0.0,0.0,0.6005396842956543,0.6103499531745911,1.6636719703674316,-0.07067587971687317,-1.635791301727295,0.09257031977176666,0.0,0.0,0.0,0.0,1.0000022649765015,1.0000026226043701,0.059999980032444,-0.0025489141698926687,-0.05995497107505798,0.0034494518768042326,0.0,0.0,0.0,0.0,0.0,0.0,0.5999999642372131,0.9987263083457947,0.0
2.8643903732299805,5.97434663772583,57.295799255371094,0.5999998450279236,-0.6093766093254089,-0.025489110499620438,0.03448495268821716,1.0000022649765015,1.0000026226043701,0.0,1.0,0.6108194589614868,-0.5937484502792358,1.7881393032936899e-09,0.0,0.0,0.9999973773956299,1.0000022649765015,1.0000026226043701,0.0,0.0,0.0,0.0,0.6005396842956543,0.6103499531745911,1.6636719703674316,-0.07067587971687317,-1.635791301727295,0.09257031977176666,0.0,0.0,0.0,0.0,1.0000022649765015,1.0000026226043701,0.059999980032444,-0.0025489141698926687,-0.05995497107505798,0.0034494518768042326,0.0,0.0,0.0,0.0,0.0,0.0,0.5999999642372131,0.9987263083457947,0.0
2.8685903549194336,5.97434663772583,57.295799255371094,0.5999998450279236,-0.6093766093254089,-0.025489110499620438,0.03448495268821716,1.0000022649765015,1.0000026226043701,0.0,1.0,0.6108194589614868,-0.5937484502792358,1.7881393032936899e-09,0.0,0.0,0.9999973773956299,1.0000022649765015,1.0000026226043701,0.0,0.0,0.0,0.0,0.6005396842956543,0.6103499531745911,1.6636719703674316,-0.07067587971687317,-1.635791301727295,0.09257031977176666,0.0,0.0,0.0,0.0,1.0000022649765015,1.0000026226043701,0.059999980032444,-0.0025489141698926687,-0.05995497107505798,0.0034494518768042326,0.0,0.0,0.0,0.0,0.0,0.0,0.5999999642372131,0.9987263083457947,0.0
2.8727903366088867,5.97434663772583,57.295799255371094,0.5999998450279236,-0.6093766093254089,-0.025489110499620438,0.03448495268821716,1.0000022649765015,1.0000026226043701,0.0,1.0,0.6108194589614868,-0.5937484502792358,1.7881393032936899e-09,0.0,0.0,0.9999973773956299,1.0000022649765015,1.0000026226043701,0.0,0.0,0.0,0.0,0.6005396842956543,0.6103499531745911,1.6636719703674316,-0.07067587971687317,-1.635791301727295,0.09257031977176666,0.0,0.0,0.0,0.0,1.0000022649765015,1.0000026226043701,0.059999980032444,-0.0025489141698926687,-0.05995497107505798,0.0034494518768042326,0.0,0.0,0.0,0.0,0.0,0.0,0.5999999642372131,0.9987263083457947,0.0
2.87699031829834,5.97434663772583,57.295799255371094,0.5999998450279236,-0.6093766093254089,-0.025489110499620438,0.03448495268821716,1.0000022649765015,1.0000026226043701,0.0,1.0,0.6108194589614868,-0.5937484502792358,1.7881393032936899e-09,0.0,0.0,0.9999973773956299,1.0000022649765015,1.0000026226043701,0.0,0.0,0.0,0.0,0.6005396842956543,0.6103499531745911,1.6636719703674316,-0.07067587971687317,-1.635791301727295,0.09257031977176666,0.0,0.0,0.0,0.0,1.0000022649765015,1.0000026226043701,0.059999980032444,-0.0025489141698926687,-0.05995497107505798,0.0034494518768042326,0.0,0.0,0.0,0.0,0.0,0.0,0.5999999642372131,0.9987263083457947,0.0
2.881190299987793,5.97434663772583,57.295799255371094,0.5999998450279236,-0.6093766093254089,-0.025489110499620438,0.03448495268821716,1.0000022649765015,1.0000026226043701,0.0,1.0,0.6108194589614868,-0.5937484502792358,1.7881393032936899e-09,0.0,0.0,0.9999973773956299,1.0000022649765015,1.0000026226043701,0.0,0.0,0.0,0.0,0.6005396842956543,0.6103499531745911,1.6636719703674316,-0.07067587971687317,-1.635791301727295,0.09257031977176666,0.0,0.0,0.0,0.0,1.0000022649765015,1.0000026226043701,0.059999980032444,-0.0025489141698926687,-0.05995497107505798,0.0034494518768042326,0.0,0.0,0.0,0.0,0.0,0.0,0.5999999642372131,0.9987263083457947,0.0
2.885390281677246,5.97434663772583,57.295799255371094,0.5999998450279236,-0.6093766093254089,-0.025489110499620438,0.03448495268821716,1.0000022649765015,1.0000026226043701,0.0,1.0,0.6108194589614868,-0.5937484502792358,1.7881393032936899e-09,0.0,0.0,0.9999973773956299,1.0000022649765015,1.0000026226043701,0.0,0.0,0.0,0.0,0.6005396842956543,0.6103499531745911,1.6636719703674316,-0.07067587971687317,-1.635791301727295,0.09257031977176666,0.0,0.0,0.0,0.0,1.0000022649765015,1.0000026226043701,0.059999980032444,-0.0025489141698926687,-0.05995497107505798,0.0034494518768042326,0.0,0.0,0.0,0.0,0.0,0.0,0.5999999642372131,0.9987263083457947,0.0
2.889590263366699,5.97434663772583,57.295799255371094,0.5999998450279236,-0.6093766093254089,-0.025489110499620438,0.03448495268821716,1.0000022649765015,1.0000026226043701,0.0,1.0,0.6108194589614868,-0.5937484502792358,1.7881393032936899e-09,0.0,0.0,0.9999973773956299,1.0000022649765015,1.0000026226043701,0.0,0.0,0.0,0.0,0.6005396842956543,0.6103499531745911,1.6636719703674316,-0.07067587971687317,-1.635791301727295,0.09257031977176666,0.0,0.0,0.0,0.0,1.0000022649765015,1.0000026226043701,0.059999980032444,-0.0025489141698926687,-0.05995497107505798,0.0034494518768042326,0.0,0.0,0.0,0.0,0.0,0.0,0.5999999642372131,0.9987263083457947,0.0
2.8937902450561523,5.97434663772583,57.295799255371094,0.5999998450279236,-0.6093766093254089,-0.025489110499620438,0.03448495268821716,1.0000022649765015,1.0000026226043701,0.0,1.0,0.6108194589614868,-0.5937484502792358,1.7881393032936899e-09,0.0,0.0,0.9999973773956299,1.0000022649765015,1.0000026226043701,0.0,0.0,0.0,0.0,0.6005396842956543,0.6103499531745911,1.6636719703674316,-0.07067587971687317,-1.635791301727295,0.09257031977176666,0.0,0.0,0.0,0.0,1.0000022649765015,1.0000026226043701,0.059999980032444,-0.0025489141698926687,-0.05995497107505798,0.0034494518768042326,0.0,0.0,0.0,0.0,0.0,0.0,0.5999999642372131,0.9987263083457947,0.0
2.8979902267456055,5.97434663772583,57.295799255371094,0.5999998450279236,-0.6093766093254089,-0.025489110499620438,0.03448495268821716,1.0000022649765015,1.0000026226043701,0.0,1.0,0.6108194589614868,-0.5937484502792358,1.7881393032936899e-09,0.0,0.0,0.9999973773956299,1.0000022649765015,1.0000026226043701,0.0,0.0,0.0,0.0,0.6005396842956543,0.6103499531745911,1.6636719703674316,-0.07067587971687317,-1.635791301727295,0.09257031977176666,0.0,0.0,0.0,0.0,1.0000022649765015,1.0000026226043701,0.059999980032444,-0.0025489141698926687,-0.05995497107505798,0.0034494518768042326,0.0,0.0,0.0,0.0,0.0,0.0,0.5999999642372131,0.9987263083457947,0.0
2.9021902084350586,5.97434663772583,57.295799255371094,0.5999998450279236,-0.6093766093254089,-0.025489110499620438,0.03448495268821716,1.0000022649765015,1.0000026226043701,0.0,1.0,0.6108194589614868,-0.5937484502792358,1.7881393032936899e-09,0.0,0.0,0.9999973773956299,1.0000022649765015,1.0000026226043701,0.0,0.0,0.0,0.0,0.6005396842956543,0.6103499531745911,1.6636719703674316,-0.07067587971687317,-1.635791301727295,0.09257031977176666,0.0,0.0,0.0,0.0,1.0000022649765015,1.0000026226043701,0.059999980032444,-0.0025489141698926687,-0.05995497107505798,0.0034494518768042326,0.0,0.0,0.0,0.0,0.0,0.0,0.5999999642372131,0.9987263083457947,0.0
2.9063901901245117,5.97434663772583,57.295799255371094,0.5999998450279236,-0.6093766093254089,-0.025489110499620438,0.03448495268821716,1.0000022649765015,1.0000026226043701,0.0,1.0,0.6108194589614868,-0.5937484502792358,1.7881393032936899e-09,0.0,0.0,0.9999973773956299,1.0000022649765015,1.0000026226043701,0.0,0.0,0.0,0.0,0.6005396842956543,0.6103499531745911,1.6636719703674316,-0.07067587971687317,-1.635791301727295,0.09257031977176666,0.0,0.0,0.0,0.0,1.0000022649765015,1.0000026226043701,0.059999980032444,-0.0025489141698926687,-0.05995497107505798,0.0034494518768042326,0.0,0.0,0.0,0.0,0.0,0.0,0.5999999642372131,0.9987263083457947,0.0
2.910590171813965,5.97434663772583,57.295799255371094,0.5999998450279236,-0.6093766093254089,-0.025489110499620438,0.03448495268821716,1.0000022649765015,1.0000026226043701,0.0,1.0,0.6108194589614868,-0.5937484502792358,1.7881393032936899e-09,0.0,0.0,0.9999973773956299,1.0000022649765015,1.0000026226043701,0.0,0.0,0.0,0.0,0.6005396842956543,0.6103499531745911,1.6636719703674316,-0.07067587971687317,-1.635791301727295,0.09257031977176666,0.0,0.0,0.0,0.0,1.0000022649765015,1.0000026226043701,0.059999980032444,-0.0025489141698926687,-0.05995497107505798,0.0034494518768042326,0.0,0.0,0.0,0.0,0.0,0.0,0.5999999642372131,0.9987263083457947,0.0
2.914790153503418,5.97434663772583,57.295799255371094,0.5999998450279236,-0.6093766093254089,-0.025489110499620438,0.03448495268821716,1.0000022649765015,1.0000026226043701,0.0,1.0,0.6108194589614868,-0.5937484502792358,1.7881393032936899e-09,0.0,0.0,0.9999973773956299,1.0000022649765015,1.0000026226043701,0.0,0.0,0.0,0.0,0.6005396842956543,0.6103499531745911,1.6636719703674316,-0.07067587971687317,-1.635791301727295,0.09257031977176666,0.0,0.0,0.0,0.0,1.0000022649765015,1.0000026226043701,0.059999980032444,-0.0025489141698926687,-0.05995497107505798,0.0034494518768042326,0.0,0.0,0.0,0.0,0.0,0.0,0.5999999642372131,0.9987263083457947,0.0
2.918990135192871,5.97434663772583,57.295799255371094,0.5999998450279236,-0.6093766093254089,-0.025489110499620438,0.03448495268821716,1.0000022649765015,1.0000026226043701,0.0,1.0,0.6108194589614868,-0.5937484502792358,1.7881393032936899e-09,0.0,0.0,0.9999973773956299,1.0000022649765015,1.0000026226043701,0.0,0.0,0.0,0.0,0.6005396842956543,0.6103499531745911,1.6636719703674316,-0.07067587971687317,-1.635791301727295,0.09257031977176666,0.0,0.0,0.0,0.0,1.0000022649765015,1.0000026226043701,0.059999980032444,-0.0025489141698926687,-0.05995497107505798,0.0034494518768042326,0.0,0.0,0.0,0.0,0.0,0.0,0.5999999642372131,0.9987263083457947,0.0
2.923190116882324,5.97434663772583,57.295799255371094,0.5999998450279236,-0.6093766093254089,-0.025489110499620438,0.03448495268821716,1.0000022649765015,1.0000026226043701,0.0,1.0,0.6108194589614868,-0.5937484502792358,1.7881393032936899e-09,0.0,0.0,0.9999973773956299,1.0000022649765015,1.0000026226043701,0.0,0.0,0.0,0.0,0.6005396842956543,0.6103499531745911,1.6636719703674316,-0.07067587971687317,-1.635791301727295,0.09257031977176666,0.0,0.0,0.0,0.0,1.0000022649765015,1.0000026226043701,0.059999980032444,-0.0025489141698926687,-0.05995497107505798,0.0034494518768042326,0.0,0.0,0.0,0.0,0.0,0.0,0.5999999642372131,0.9987263083457947,0.0
2.9273900985717773,5.97434663772583,57.295799255371094,0.5999998450279236,-0.6093766093254089,-0.025489110499620438,0.03448495268821716,1.0000022649765015,1.0000026226043701,0.0,1.0,0.6108194589614868,-0.5937484502792358,1.7881393032936899e-09,0.0,0.0,0.9999973773956299,1.0000022649765015,1.0000026226043701,0.0,0.0,0.0,0.0,0.6005396842956543,0.6103499531745911,1.6636719703674316,-0.07067587971687317,-1.635791301727295,0.09257031977176666,0.0,0.0,0.0,0.0,1.0000022649765015,1.0000026226043701,0.059999980032444,-0.0025489141698926687,-0.05995497107505798,0.0034494518768042326,0.0,0.0,0.0,0.0,0.0,0.0,0.5999999642372131,0.9987263083457947,0.0
2.9315900802612305,5.97434663772583,57.295799255371094,0.5999998450279236,-0.6093766093254089,-0.025489110499620438,0.03448495268821716,1.0000022649765015,1.0000026226043701,0.0,1.0,0.6108194589614868,-0.5937484502792358,1.7881393032936899e-09,0.0,0.0,0.9999973773956299,1.0000022649765015,1.0000026226043701,0.0,0.0,0.0,0.0,0.6005396842956543,0.6103499531745911,1.6636719703674316,-0.07067587971687317,-1.635791301727295,0.09257031977176666,0.0,0.0,0.0,0.0,1.0000022649765015,1.0000026226043701,0.059999980032444,-0.0025489141698926687,-0.05995497107505798,0.0034494518768042326,0.0,0.0,0.0,0.0,0.0,0.0,0.5999999642372131,0.9987263083457947,0.0
2.9357900619506836,5.97434663772583,57.295799255371094,0.5999998450279236,-0.6093766093254089,-0.025489110499620438,0.03448495268821716,1.0000022649765015,1.0000026226043701,0.0,1.0,0.6108194589614868,-0.5937484502792358,1.7881393032936899e-09,0.0,0.0,0.9999973773956299,1.0000022649765015,1.0000026226043701,0.0,0.0,0.0,0.0,0.6005396842956543,0.6103499531745911,1.6636719703674316,-0.07067587971687317,-1.635791301727295,0.09257031977176666,0.0,0.0,0.0,0.0,1.0000022649765015,1.0000026226043701,0.059999980032444,-0.0025489141698926687,-0.05995497107505798,0.0034494518768042326,0.0,0.0,0.0,0.0,0.0,0.0,0.5999999642372131,0.9987263083457947,0.0
2.9399900436401367,5.97434663772583,57.295799255371094,0.5999998450279236,-0.6093766093254089,-0.025489110499620438,0.03448495268821716,1.0000022649765015,1.0000026226043701,0.0,1.0,0.6108194589614868,-0.5937484502792358,1.7881393032936899e-09,0.0,0.0,0.9999973773956299,1.0000022649765015,1.0000026226043701,0.0,0.0,0.0,0.0,0.6005396842956543,0.6103499531745911,1.6636719703674316,-0.07067587971687317,-1.635791301727295,0.09257031977176666,0.0,0.0,0.0,0.0,1.0000022649765015,1.0000026226043701,0.059999980032444,-0.0025489141698926687,-0.05995497107505798,0.0034494518768042326,0.0,0.0,0.0,0.0,0.0,0.0,0.5999999642372131,0.9987263083457947,0.0
2.94419002532959,5.97434663772583,57.295799255371094,0.5999998450279236,-0.6093766093254089,-0.025489110499620438,0.03448495268821716,1.0000022649765015,1.0000026226043701,0.0,1.0,0.6108194589614868,-0.5937484502792358,1.7881393032936899e-09,0.0,0.0,0.9999973773956299,1.0000022649765015,1.0000026226043701,0.0,0.0,0.0,0.0,0.6005396842956543,0.6103499531745911,1.6636719703674316,-0.07067587971687317,-1.635791301727295,0.09257031977176666,0.0,0.0,0.0,0.0,1.0000022649765015,1.0000026226043701,0.059999980032444,-0.0025489141698926687,-0.05995497107505798,0.0034494518768042326,0.0,0.0,0.0,0.0,0.0,0.0,0.5999999642372131,0.9987263083457947,0.0
2.948390007019043,5.97434663772583,57.295799255371094,0.5999998450279236,-0.6093766093254089,-0.025489110499620438,0.03448495268821716,1.0000022649765015,1.0000026226043701,0.0,1.0,0.6108194589614868,-0.5937484502792358,1.7881393032936899e-09,0.0,0.0,0.9999973773956299,1.0000022649765015,1.0000026226043701,0.0,0.0,0.0,0.0,0.6005396842956543,0.6103499531745911,1.6636719703674316,-0.07067587971687317,-1.635791301727295,0.09257031977176666,0.0,0.0,0.0,0.0,1.0000022649765015,1.0000026226043701,0.059999980032444,-0.0025489141698926687,-0.05995497107505798,0.0034494518768042326,0.0,0.0,0.0,0.0,0.0,0.0,0.5999999642372131,0.9987263083457947,0.0
2.952589988708496,5.97434663772583,57.295799255371094,0.5999998450279236,-0.6093766093254089,-0.025489110499620438,0.03448495268821716,1.0000022649765015,1.0000026226043701,0.0,1.0,0.6108194589614868,-0.5937484502792358,1.7881393032936899e-09,0.0,0.0,0.9999973773956299,1.0000022649765015,1.0000026226043701,0.0,0.0,0.0,0.0,0.6005396842956543,0.6103499531745911,1.6636719703674316,-0.07067587971687317,-1.635791301727295,0.09257031977176666,0.0,0.0,0.0,0.0,1.0000022649765015,1.0000026226043701,0.059999980032444,-0.0025489141698926687,-0.05995497107505798,0.0034494518768042326,0.0,0.0,0.0,0.0,0.0,0.0,0.5999999642372131,0.9987263083457947,0.0
2.956789970397949,5.97434663772583,57.295799255371094,0.5999998450279236,-0.6093766093254089,-0.025489110499620438,0.03448495268821716,1.0000022649765015,1.0000026226043701,0.0,1.0,0.6108194589614868,-0.5937484502792358,1.7881393032936899e-09,0.0,0.0,0.9999973773956299,1.0000022649765015,1.0000026226043701,0.0,0.0,0.0,0.0,0.6005396842956543,0.6103499531745911,1.6636719703674316,-0.07067587971687317,-1.635791301727295,0.09257031977176666,0.0,0.0,0.0,0.0,1.0000022649765015,1.0000026226043701,0.059999980032444,-0.0025489141698926687,-0.05995497107505798,0.0034494518768042326,0.0,0.0,0.0,0.0,0.0,0.0,0.5999999642372131,0.9987263083457947,0.0
2.9609899520874023,5.97434663772583,57.295799255371094,0.5999998450279236,-0.6093766093254089,-0.025489110499620438,0.03448495268821716,1.0000022649765015,1.0000026226043701,0.0,1.0,0.6108194589614868,-0.5937484502792358,1.7881393032936899e-09,0.0,0.0,0.9999973773956299,1.0000022649765015,1.0000026226043701,0.0,0.0,0.0,0.0,0.6005396842956543,0.6103499531745911,1.6636719703674316,-0.07067587971687317,-1.635791301727295,0.09257031977176666,0.0,0.0,0.0,0.0,1.0000022649765015,1.0000026226043701,0.059999980032444,-0.0025489141698926687,-0.05995497107505798,0.0034494518768042326,0.0,0.0,0.0,0.0,0.0,0.0,0.5999999642372131,0.9987263083457947,0.0
2.9651899337768555,5.97434663772583,57.295799255371094,0.5999998450279236,-0.6093766093254089,-0.025489110499620438,0.03448495268821716,1.0000022649765015,1.0000026226043701,0.0,1.0,0.6108194589614868,-0.5937484502792358,1.7881393032936899e-09,0.0,0.0,0.9999973773956299,1.0000022649765015,1.0000026226043701,0.0,0.0,0.0,0.0,0.6005396842956543,0.6103499531745911,1.6636719703674316,-0.07067587971687317,-1.635791301727295,0.09257031977176666,0.0,0.0,0.0,0.0,1.0000022649765015,1.0000026226043701,0.059999980032444,-0.0025489141698926687,-0.05995497107505798,0.0034494518768042326,0.0,0.0,0.0,0.0,0.0,0.0,0.5999999642372131,0.9987263083457947,0.0
2.9693899154663086,5.97434663772583,57.295799255371094,0.5999998450279236,-0.6093766093254089,-0.025489110499620438,0.03448495268821716,1.0000022649765015,1.0000026226043701,0.0,1.0,0.6108194589614868,-0.5937484502792358,1.7881393032936899e-09,0.0,0.0,0.9999973773956299,1.0000022649765015,1.0000026226043701,0.0,0.0,0.0,0.0,0.6005396842956543,0.6103499531745911,1.6636719703674316,-0.07067587971687317,-1.635791301727295,0.09257031977176666,0.0,0.0,0.0,0.0,1.0000022649765015,1.0000026226043701,0.059999980032444,-0.0025489141698926687,-0.05995497107505798,0.0034494518768042326,0.0,0.0,0.0,0.0,0.0,0.0,0.5999999642372131,0.9987263083457947,0.0
2.9735898971557617,5.97434663772583,57.295799255371094,0.5999998450279236,-0.6093766093254089,-0.025489110499620438,0.03448495268821716,1.0000022649765015,1.0000026226043701,0.0,1.0,0.6108194589614868,-0.5937484502792358,1.7881393032936899e-09,0.0,0.0,0.9999973773956299,1.0000022649765015,1.0000026226043701,0.0,0.0,0.0,0.0,0.6005396842956543,0.6103499531745911,1.6636719703674316,-0.07067587971687317,-1.635791301727295,0.09257031977176666,0.0,0.0,0.0,0.0,1.0000022649765015,1.0000026226043701,0.059999980032444,-0.0025489141698926687,-0.05995497107505798,0.0034494518768042326,0.0,0.0,0.0,0.0,0.0,0.0,0.5999999642372131,0.9987263083457947,0.0
2.977789878845215,5.97434663772583,57.295799255371094,0.5999998450279236,-0.6093766093254089,-0.025489110499620438,0.03448495268821716,1.0000022649765015,1.0000026226043701,0.0,1.0,0.6108194589614868,-0.5937484502792358,1.7881393032936899e-09,0.0,0.0,0.9999973773956299,1.0000022649765015,1.0000026226043701,0.0,0.0,0.0,0.0,0.6005396842956543,0.6103499531745911,1.6636719703674316,-0.07067587971687317,-1.635791301727295,0.09257031977176666,0.0,0.0,0.0,0.0,1.0000022649765015,1.0000026226043701,0.059999980032444,-0.0025489141698926687,-0.05995497107505798,0.0034494518768042326,0.0,0.0,0.0,0.0,0.0,0.0,0.5999999642372131,0.9987263083457947,0.0
2.981989860534668,5.97434663772583,57.295799255371094,0.5999998450279236,-0.6093766093254089,-0.025489110499620438,0.03448495268821716,1.0000022649765015,1.0000026226043701,0.0,1.0,0.6108194589614868,-0.5937484502792358,1.7881393032936899e-09,0.0,0.0,0.9999973773956299,1.0000022649765015,1.0000026226043701,0.0,0.0,0.0,0.0,0.6005396842956543,0.6103499531745911,1.6636719703674316,-0.07067587971687317,-1.635791301727295,0.09257031977176666,0.0,0.0,0.0,0.0,1.0000022649765015,1.0000026226043701,0.059999980032444,-0.0025489141698926687,-0.05995497107505798,0.0034494518768042326,0.0,0.0,0.0,0.0,0.0,0.0,0.5999999642372131,0.9987263083457947,0.0
2.986189842224121,5.97434663772583,57.295799255371094,0.5999998450279236,-0.6093766093254089,-0.025489110499620438,0.03448495268821716,1.0000022649765015,1.0000026226043701,0.0,1.0,0.6108194589614868,-0.5937484502792358,1.7881393032936899e-09,0.0,0.0,0.9999973773956299,1.0000022649765015,1.0000026226043701,0.0,0.0,0.0,0.0,0.6005396842956543,0.6103499531745911,1.6636719703674316,-0.07067587971687317,-1.635791301727295,0.09257031977176666,0.0,0.0,0.0,0.0,1.0000022649765015,1.0000026226043701,0.059999980032444,-0.0025489141698926687,-0.05995497107505798,0.0034494518768042326,0.0,0.0,0.0,0.0,0.0,0.0,0.5999999642372131,0.9987263083457947,0.0
2.990389823913574,5.97434663772583,57.295799255371094,0.5999998450279236,-0.6093766093254089,-0.025489110499620438,0.03448495268821716,1.0000022649765015,1.0000026226043701,0.0,1.0,0.6108194589614868,-0.5937484502792358,1.7881393032936899e-09,0.0,0.0,0.9999973773956299,1.0000022649765015,1.0000026226043701,0.0,0.0,0.0,0.0,0.6005396842956543,0.6103499531745911,1.6636719703674316,-0.07067587971687317,-1.635791301727295,0.09257031977176666,0.0,0.0,0.0,0.0,1.0000022649765015,1.0000026226043701,0.059999980032444,-0.0025489141698926687,-0.05995497107505798,0.0034494518768042326,0.0,0.0,0.0,0.0,0.0,0.0,0.5999999642372131,0.9987263083457947,0.0
2.9945898056030273,5.97434663772583,57.295799255371094,0.5999998450279236,-0.6093766093254089,-0.025489110499620438,0.03448495268821716,1.0000022649765015,1.0000026226043701,0.0,1.0,0.6108194589614868,-0.5937484502792358,1.7881393032936899e-09,0.0,0.0,0.9999973773956299,1.0000022649765015,1.0000026226043701,0.0,0.0,0.0,0.0,0.6005396842956543,0.6103499531745911,1.6636719703674316,-0.07067587971687317,-1.635791301727295,0.09257031977176666,0.0,0.0,0.0,0.0,1.0000022649765015,1.0000026226043701,0.059999980032444,-0.0025489141698926687,-0.05995497107505798,0.0034494518768042326,0.0,0.0,0.0,0.0,0.0,0.0,0.5999999642372131,0.9987263083457947,0.0
2.9987897872924805,5.97434663772583,57.295799255371094,0.5999998450279236,-0.6093766093254089,-0.025489110499620438,0.03448495268821716,1.0000022649765015,1.0000026226043701,0.0,1.0,0.6108194589614868,-0.5937484502792358,1.7881393032936899e-09,0.0,0.0,0.9999973773956299,1.0000022649765015,1.0000026226043701,0.0,0.0,0.0,0.0,0.6005396842956543,0.6103499531745911,1.6636719703674316,-0.07067587971687317,-1.635791301727295,0.09257031977176666,0.0,0.0,0.0,0.0,1.0000022649765015,1.0000026226043701,0.059999980032444,-0.0025489141698926687,-0.05995497107505798,0.0034494518768042326,0.0,0.0,0.0,0.0,0.0,0.0,0.5999999642372131,0.9987263083457947,0.0
3.0029897689819336,5.97434663772583,57.486785888671875,0.5999998450279236,-0.6093766093254089,-0.025489110499620438,0.03448495268821716,1.0000022649765015,1.0000026226043701,0.0,1.0,0.6108194589614868,-0.5937484502792358,1.7881393032936899e-09,0.0033333301544189453,0.0,0.9999973773956299,1.0000022649765015,1.0000026226043701,0.0,0.0,0.0,0.0,0.6005396842956543,0.6103499531745911,1.6636719703674316,-0.07067587971687317,-1.635791301727295,0.09257031977176666,0.0,0.0,0.0,0.0,1.0000022649765015,1.0000026226043701,0.059999980032444,-0.0025489141698926687,-0.05995497107505798,0.0034494518768042326,0.0,0.0,0.0,0.0,0.0,0.0,0.5999999642372131,0.9987263083457947,0.0
3.0029897689819336,5.97434663772583,57.486785888671875,0.5999998450279236,-0.6093766093254089,-0.025489110499620438,0.03448495268821716,1.0000022649765015,1.0000026226043701,0.0,1.0,0.6108194589614868,-0.5937484502792358,1.7881393032936899e-09,0.0033333301544189453,0.0,0.9999973773956299,1.0000022649765015,1.0000026226043701,0.0,0.0,0.0,0.0,0.6005396842956543,0.6103499531745911,1.6636719703674316,-0.07067587971687317,-1.635791301727295,0.09257031977176666,0.0,0.0,0.0,0.0,1.0000022649765015,1.0000026226043701,0.059999980032444,-0.0025489141698926687,-0.05995497107505798,0.0034494518768042326,0.0,0.0,0.0,0.0,0.0,0.0,0.5999999642372131,0.9987263083457947,0.0
3.0071897506713867,5.97434663772583,57.486785888671875,0.5563117265701294,-0.5470678806304932,-0.014359734021127224,0.02203698456287384,1.0002413988113403,1.000002384185791,0.0,1.0,0.6108194589614868,-0.5937484502792358,1.7881393032936899e-09,0.0033333301544189453,0.0,0.9999973773956299,1.0002413988113403,1.000002384185791,0.0,0.0,0.0,0.0,0.5563627481460571,0.5475102663040161,1.7972238063812256,-0.04639063775539398,-1.8249740600585938,0.07351358979940414,0.0,0.0,0.0,0.0,1.0002413988113403,1.000002384185791,0.055631186813116074,-0.0014359579654410481,-0.05559254810214043,0.002208878519013524,0.0,0.0,0.0,0.0,0.0,0.0,0.5999999642372131,0.9987263083457947,0.0
3.01138973236084,5.97434663772583,57.486785888671875,0.5271353125572205,-0.5314820408821106,-0.007075881585478783,0.013984877616167068,1.0003966093063354,1.0000022649765015,0.0,1.0,0.6108194589614868,-0.5937484502792358,0.000275236350717023,0.0033333301544189453,0.0,0.9999973773956299,1.0003966093063354,1.0000022649765015,0.0,0.0,0.0,0.0,0.5269738435745239,0.5316647291183472,1.8982089757919312,-0.025480179116129875,-1.8802380561828613,0.049474675208330154,0.0,0.0,0.0,0.0,1.0003966093063354,1.0000022649765015,0.05271352455019951,-0.000707617960870266,-0.052678871899843216,0.0014010382583364844,0.0,0.0,0.0,0.0,0.0,0.0,0.5999999642372131,0.9987263083457947,0.0
3.015589714050293,6.011800765991211,57.486785888671875,0.5015124678611755,-0.5002179145812988,-0.0008862493559718132,0.007118958048522472,1.000527262687683,1.000002145767212,0.0,1.0,0.6108194589614868,-0.5937484502792358,0.0004691398062277585,0.0033333301544189453,0.0,0.9999973773956299,1.000527262687683,1.000002145767212,0.0,0.0,0.0,0.0,0.5012488961219788,0.500267505645752,1.9960654973983765,-0.0035273516550660133,-1.998732566833496,0.02844538725912571,0.0,0.0,0.0,0.0,1.000527262687683,1.000002145767212,0.05015123635530472,-8.864461415214464e-05,-0.05011988431215286,0.0007160170353017747,0.0,0.0,0.0,0.0,0.0,0.0,0.5999999642372131,0.9987263083457947,0.0
3.019789695739746,6.0631561279296875,57.486785888671875,0.47719597816467285,-0.4845176935195923,0.004859728738665581,0.00021249055862426758,1.0006476640701294,1.0000020265579224,0.0,1.0,0.6108194589614868,-0.5937484502792358,0.0006988370441831648,0.0033333301544189453,0.0,0.9999973773956299,1.0006476640701294,1.0000020265579224,0.0,0.0,0.0,0.0,0.47691184282302856,0.4845167398452759,2.0980730056762695,0.021366620436310768,-2.0639162063598633,0.0009051531669683754,0.0,0.0,0.0,0.0,1.0006476640701294,1.0000020265579224,0.04771960899233818,0.00048602031893096864,-0.0476912222802639,8.190987864509225e-05,0.0,0.0,0.0,0.0,0.0,0.0,0.5999999642372131,0.9987263083457947,0.0
3.023989677429199,6.136974811553955,57.486785888671875,0.4550151228904724,-0.4531901180744171,0.009955832734704018,-0.004366165958344936,1.0007535219192505,1.0000020265579224,0.0,1.0,0.6108194589614868,-0.5937484502792358,0.0009239303763024509,0.0033333301544189453,0.0,0.9999973773956299,1.0007535219192505,1.0000020265579224,0.0,0.0,0.0,0.0,0.45478132367134094,0.4532102346420288,2.1999893188476562,0.048136260360479355,-2.206383466720581,-0.0212569460272789,0.0,0.0,0.0,0.0,1.0007535219192505,1.0000020265579224,0.04550151154398918,0.0009956063004210591,-0.04547570273280144,-0.0004791615065187216,0.0,0.0,0.0,0.0,0.0,0.0,0.5999999642372131,0.9987263083457947,0.0
3.0281896591186523,6.231003284454346,57.486785888671875,0.4347604215145111,-0.4374108910560608,0.014478178694844246,-0.010125996544957161,1.0008466243743896,1.0000019073486328,0.0,1.0,0.6108194589614868,-0.5937484502792358,0.0011441257083788514,0.0033333301544189453,0.0,0.9999973773956299,1.0008466243743896,1.0000019073486328,0.0,0.0,0.0,0.0,0.4346334636211395,0.43752723932266235,2.3014612197875977,0.07664213329553604,-2.284964084625244,-0.05289657413959503,0.0,0.0,0.0,0.0,1.0008466243743896,1.0000019073486328,0.04347604513168335,0.0014478409430012107,-0.043452467769384384,-0.0009761420078575611,0.0,0.0,0.0,0.0,0.0,0.0,0.5999999642372131,0.9987263083457947,0.0
3.0323896408081055,6.344786167144775,57.486785888671875,0.41639381647109985,-0.4216226041316986,0.018454458564519882,-0.014743494801223278,1.0009276866912842,1.0000019073486328,0.0,1.0,0.6108194589614868,-0.5937484502792358,0.0013538929633796215,0.0033333301544189453,0.0,0.9999973773956299,1.0009276866912842,1.0000019073486328,0.0,0.0,0.0,0.0,0.4164162874221802,0.42187952995300293,2.401313543319702,0.10642555356025696,-2.368901491165161,-0.08283684402704239,0.0,0.0,0.0,0.0,1.0009276866912842,1.0000019073486328,0.041639383882284164,0.0018454286037012935,-0.0416177399456501,-0.0014124424196779728,0.0,0.0,0.0,0.0,0.0,0.0,0.5999999642372131,0.9987263083457947,0.0
3.0365896224975586,6.477126598358154,57.486785888671875,0.39980560541152954,-0.40584197640419006,0.021929603070020676,-0.01821897365152836,1.00099778175354,1.0000016689300537,0.0,1.0,0.6108194589614868,-0.5937484502792358,0.0015509224031120539,0.0033333301544189453,0.0,0.9999973773956299,1.00099778175354,1.0000016689300537,0.0,0.0,0.0,0.0,0.4000074863433838,0.40625,2.4986915588378906,0.13705489039421082,-2.459066152572632,-0.11039189249277115,0.0,0.0,0.0,0.0,1.00099778175354,1.0000016689300537,0.039980560541152954,0.0021929540671408176,-0.0399605929851532,-0.001793419010937214,0.0,0.0,0.0,0.0,0.0,0.0,0.5999999642372131,0.9987263083457947,0.0
3.0407896041870117,6.626763343811035,57.486785888671875,0.3848778009414673,-0.39003685116767883,0.024944625794887543,-0.021528255194425583,1.0010579824447632,1.0000016689300537,0.0,1.0,0.6108194589614868,-0.5937484502792358,0.0017338102916255593,0.0033333301544189453,0.0,0.9999973773956299,1.0010579824447632,1.0000016689300537,0.0,0.0,0.0,0.0,0.3852776885032654,0.3906298875808716,2.592836380004883,0.16804641485214233,-2.556081771850586,-0.14108404517173767,0.0,0.0,0.0,0.0,1.0010579824447632,1.0000016689300537,0.03848777711391449,0.0024944727774709463,-0.03846925124526024,-0.0021238205954432487,0.0,0.0,0.0,0.0,0.0,0.0,0.5999999642372131,0.9987263083457947,0.0
3.044989585876465,6.7923502922058105,57.486785888671875,0.37148401141166687,-0.37420853972435,0.027545422315597534,-0.024671180173754692,1.0011091232299805,1.0000015497207642,0.0,1.0,0.6108194589614868,-0.5937484502792358,0.001902064890600741,0.0033333301544189453,0.0,0.9999973773956299,1.0011091232299805,1.0000015497207642,0.0,0.0,0.0,0.0,0.3720911741256714,0.3750203549861908,2.6831281185150146,0.19895310699939728,-2.660749912261963,-0.17542046308517456,0.0,0.0,0.0,0.0,1.0011091232299805,1.0000015497207642,0.03714840114116669,0.0027545213233679533,-0.03713112324476242,-0.0024088069330900908,0.0,0.0,0.0,0.0,0.0,0.0,0.5999999642372131,0.9987263083457947,0.0
3.049189567565918,6.972537994384766,57.486785888671875,0.35949647426605225,-0.358476847410202,0.029771538451313972,-0.025698065757751465,1.0011523962020874,1.0000015497207642,0.0,1.0,0.6108194589614868,-0.5937484502792358,0.0020557581447064877,0.0033333301544189453,0.0,0.9999973773956299,1.0011523962020874,1.0000015497207642,0.0,0.0,0.0,0.0,0.36031192541122437,0.35939621925354004,2.769092082977295,0.22932110726833344,-2.7753264904022217,-0.19895431399345398,0.0,0.0,0.0,0.0,1.0011523962020874,1.0000015497207642,0.03594965115189552,0.0029771917033940554,-0.03593344986438751,-0.002653019269928336,0.0,0.0,0.0,0.0,0.0,0.0,0.5999999642372131,0.9987263083457947,0.0
3.053389549255371,7.166007995605469,57.486785888671875,0.34879031777381897,-0.3426164388656616,0.031664542853832245,-0.02850848063826561,1.0011885166168213,1.0000014305114746,0.0,1.0,0.6108194589614868,-0.5937484502792358,0.002195352455601096,0.0033333301544189453,0.0,0.9999973773956299,1.0011885166168213,1.0000014305114746,0.0,0.0,0.0,0.0,0.349808931350708,0.3437999486923218,2.85037899017334,0.2587684988975525,-2.898655414581299,-0.2411917895078659,0.0,0.0,0.0,0.0,1.0011885166168213,1.0000014305114746,0.03487902879714966,0.0031664413399994373,-0.03486375883221626,-0.0028608927968889475,0.0,0.0,0.0,0.0,0.0,0.0,0.5999999642372131,0.9987263083457947,0.0
3.057589530944824,7.371502876281738,57.486785888671875,0.3392452895641327,-0.34246116876602173,0.0332585908472538,-0.03031635843217373,1.001218318939209,1.0000014305114746,0.0,1.0,0.6108194589614868,-0.5937484502792358,0.002321553183719516,0.0033333301544189453,0.0,0.9999973773956299,1.001218318939209,1.0000014305114746,0.0,0.0,0.0,0.0,0.34045690298080444,0.3437999486923218,2.92677640914917,0.2869323790073395,-2.8973419666290283,-0.25648704171180725,0.0,0.0,0.0,0.0,1.001218318939209,1.0000014305114746,0.03392452746629715,0.003325865836814046,-0.03391006216406822,-0.003036436391994357,0.0,0.0,0.0,0.0,0.0,0.0,0.5999999642372131,0.9987263083457947,0.0
3.0617895126342773,7.5878376960754395,57.486785888671875,0.3307480812072754,-0.32656779885292053,0.034586891531944275,-0.03287620469927788,1.0012426376342773,1.0000014305114746,0.0,1.0,0.6108194589614868,-0.5937484502792358,0.002435212954878807,0.0033333301544189453,0.0,0.9999973773956299,1.0012426376342773,1.0000014305114746,0.0,0.0,0.0,0.0,0.3321388363838196,0.3282179832458496,2.9981822967529297,0.3135250210762024,-3.0314371585845947,-0.3051805794239044,0.0,0.0,0.0,0.0,1.0012426376342773,1.0000014305114746,0.033074818551540375,0.0034586903639137745,-0.03306104987859726,-0.003183230757713318,0.0,0.0,0.0,0.0,0.0,0.0,0.5999999642372131,0.9987263083457947,0.0
3.0659894943237305,7.8139166831970215,57.486785888671875,0.32319384813308716,-0.32638970017433167,0.035680998116731644,-0.034599315375089645,1.0012619495391846,1.0000014305114746,0.0,1.0,0.6108194589614868,-0.5937484502792358,0.002537257270887494,0.0033333301544189453,0.0,0.9999973773956299,1.0012619495391846,1.0000014305114746,0.0,0.0,0.0,0.0,0.3247476816177368,0.3282179832458496,3.064579725265503,0.338333398103714,-3.0297839641571045,-0.321175754070282,0.0,0.0,0.0,0.0,1.0012619495391846,1.0000014305114746,0.03231939300894737,0.0035680688451975584,-0.032306235283613205,-0.0033047327306121588,0.0,0.0,0.0,0.0,0.0,0.0,0.5999999642372131,0.9987263083457947,0.0
3.0701894760131836,8.048726081848145,57.486785888671875,0.31648513674736023,-0.31080660223960876,0.03656510263681412,-0.033016763627529144,1.0012768507003784,1.000001311302185,0.0,1.0,0.6108194589614868,-0.5937484502792358,0.0026286295615136623,0.0033333301544189453,0.0,0.9999973773956299,1.0012768507003784,1.000001311302185,0.0,0.0,0.0,0.0,0.31818410754203796,0.3125549256801605,3.1260528564453125,0.36116844415664673,-3.1815409660339355,-0.33797281980514526,0.0,0.0,0.0,0.0,1.0012768507003784,1.000001311302185,0.03164852038025856,0.003656496526673436,-0.031635887920856476,-0.0034036976285278797,0.0,0.0,0.0,0.0,0.0,0.0,0.5999999642372131,0.9987263083457947,0.0
3.0743894577026367,8.291338920593262,57.486785888671875,0.310532808303833,-0.3106280267238617,0.03726537525653839,-0.034656692296266556,1.0012880563735962,1.000001311302185,0.0,1.0,0.6108194589614868,-0.5937484502792358,0.002710267435759306,0.0033333301544189453,0.0,0.9999973773956299,1.0012880563735962,1.000001311302185,0.0,0.0,0.0,0.0,0.31235846877098083,0.3125549256801605,3.1827383041381836,0.38194331526756287,-3.179713010787964,-0.3547598123550415,0.0,0.0,0.0,0.0,1.0012880563735962,1.000001311302185,0.03105327859520912,0.00372655619867146,-0.03104110062122345,-0.003482929663732648,0.0,0.0,0.0,0.0,0.0,0.0,0.5999999642372131,0.9987263083457947,0.0
3.07858943939209,8.54091739654541,57.486785888671875,0.3052561283111572,-0.3104407489299774,0.03780535236001015,-0.03629565238952637,1.0012959241867065,1.000001311302185,0.0,1.0,0.6108194589614868,-0.5937484502792358,0.0027830731123685837,0.0033333301544189453,0.0,0.9999973773956299,1.0012959241867065,1.000001311302185,0.0,0.0,0.0,0.0,0.3071902096271515,0.3125549256801605,3.234816789627075,0.4006254971027374,-3.1777961254119873,-0.37153688073158264,0.0,0.0,0.0,0.0,1.0012959241867065,1.000001311302185,0.030525613576173782,0.003780524479225278,-0.030513836070895195,-0.003544893115758896,0.0,0.0,0.0,0.0,0.0,0.0,0.5999999642372131,0.9987263083457947,0.0
3.082789421081543,8.796700477600098,57.486785888671875,0.30058154463768005,-0.29470252990722656,0.03819924592971802,-0.03632834181189537,1.0013008117675781,1.000001311302185,0.0,1.0,0.6108194589614868,-0.5937484502792358,0.002847898518666625,0.0033333301544189453,0.0,0.9999973773956299,1.0013008117675781,1.000001311302185,0.0,0.0,0.0,0.0,0.30260545015335083,0.29693281650543213,3.2825307846069336,0.41715872287750244,-3.3424696922302246,-0.41203033924102783,0.0,0.0,0.0,0.0,1.0013008117675781,1.000001311302185,0.030058151111006737,0.0038199350237846375,-0.030046721920371056,-0.0035912846215069294,0.0,0.0,0.0,0.0,0.0,0.0,0.5999999642372131,0.9987263083457947,0.0
3.086989402770996,9.058003425598145,57.486785888671875,0.2964427173137665,-0.29471758008003235,0.03847036510705948,-0.035941530019044876,1.0013030767440796,1.0000011920928955,0.0,1.0,0.6108194589614868,-0.5937484502792358,0.002905541565269232,0.0033333301544189453,0.0,0.9999973773956299,1.0013030767440796,1.0000011920928955,0.0,0.0,0.0,0.0,0.2985394597053528,0.2969006896018982,3.3261148929595947,0.4316411018371582,-3.3433635234832764,-0.4077313542366028,0.0,0.0,0.0,0.0,1.0013030767440796,1.0000011920928955,0.029644280672073364,0.003847010899335146,-0.029633155092597008,-0.003624463453888893,0.0,0.0,0.0,0.0,0.0,0.0,0.5999999642372131,0.9987263083457947,0.0
3.091189384460449,9.32420825958252,57.486785888671875,0.2927807569503784,-0.29452377557754517,0.03863061964511871,-0.037496499717235565,1.0013031959533691,1.0000011920928955,0.0,1.0,0.6108194589614868,-0.5937484502792358,0.0029567410238087177,0.0033333301544189453,0.0,0.9999973773956299,1.0013031959533691,1.0000011920928955,0.0,0.0,0.0,0.0,0.294933944940567,0.2969006896018982,3.3658363819122314,0.4441014230251312,-3.341165065765381,-0.425371378660202,0.0,0.0,0.0,0.0,1.0013031959533691,1.0000011920928955,0.029278084635734558,0.003863024292513728,-0.02926723100244999,-0.0036458203103393316,0.0,0.0,0.0,0.0,0.0,0.0,0.5999999642372131,0.9987263083457947,0.0
3.0953893661499023,9.594765663146973,57.486785888671875,0.28954195976257324,-0.2790381908416748,0.0386929027736187,-0.0352599136531353,1.0013014078140259,1.000001311302185,0.0,1.0,0.6108194589614868,-0.5937484502792358,0.003002168843522668,0.0033333301544189453,0.0,0.9999973773956299,1.0013014078140259,1.000001311302185,0.0,0.0,0.0,0.0,0.2917362153530121,0.2812567949295044,3.401972770690918,0.45462220907211304,-3.527423858642578,-0.4457334578037262,0.0,0.0,0.0,0.0,1.0013014078140259,1.000001311302185,0.028954198583960533,0.0038692839443683624,-0.02894357405602932,-0.0036567640490829945,0.0,0.0,0.0,0.0,0.0,0.0,0.5999999642372131,0.9987263083457947,0.0
3.0995893478393555,9.869182586669922,57.486785888671875,0.28667864203453064,-0.27884820103645325,0.03867087885737419,-0.03673214465379715,1.0012977123260498,1.0000011920928955,0.0,1.0,0.6108194589614868,-0.5937484502792358,0.0030424429569393396,0.0033333301544189453,0.0,0.9999973773956299,1.0012977123260498,1.0000011920928955,0.0,0.0,0.0,0.0,0.2889001965522766,0.2812567949295044,3.434786081314087,0.4633277654647827,-3.525022268295288,-0.46434447169303894,0.0,0.0,0.0,0.0,1.0012977123260498,1.0000011920928955,0.028667861595749855,0.003867093240842223,-0.028657445684075356,-0.00365868560038507,0.0,0.0,0.0,0.0,0.0,0.0,0.5999999642372131,0.9987263083457947,0.0
3.1037893295288086,10.147019386291504,57.486785888671875,0.28414806723594666,-0.2786504626274109,0.03857551887631416,-0.03820335119962692,1.0012925863265991,1.000001311302185,0.0,1.0,0.6108194589614868,-0.5937484502792358,0.0030781221576035023,0.0033333301544189453,0.0,0.9999973773956299,1.0012925863265991,1.000001311302185,0.0,0.0,0.0,0.0,0.2863844037055969,0.2812567949295044,3.464543342590332,0.470341295003891,-3.522522449493408,-0.48294252157211304,0.0,0.0,0.0,0.0,1.0012925863265991,1.000001311302185,0.028414806351065636,0.003857538802549243,-0.02840457297861576,-0.0036527446936815977,0.0,0.0,0.0,0.0,0.0,0.0,0.5999999642372131,0.9987263083457947,0.0
3.1079893112182617,10.427886009216309,57.486785888671875,0.28191301226615906,-0.2789691090583801,0.03841540962457657,-0.03580256551504135,1.001286268234253,1.0000011920928955,0.0,1.0,0.6108194589614868,-0.5937484502792358,0.003109710058197379,0.0033333301544189453,0.0,0.9999973773956299,1.001286268234253,1.0000011920928955,0.0,0.0,0.0,0.0,0.2841528356075287,0.2812567949295044,3.49149227142334,0.4757748246192932,-3.52655029296875,-0.4525933265686035,0.0,0.0,0.0,0.0,1.001286268234253,1.0000011920928955,0.02819129265844822,0.0038415826857089996,-0.02818121574819088,-0.003639967879280448,0.0,0.0,0.0,0.0,0.0,0.0,0.5999999642372131,0.9987263083457947,0.0
3.112189292907715,10.711431503295898,57.486785888671875,0.2799392640590668,-0.2787761986255646,0.03820076584815979,-0.03727442026138306,1.0012787580490112,1.0000011920928955,0.0,1.0,0.6108194589614868,-0.5937484502792358,0.0031376571860164404,0.0033333301544189453,0.0,0.9999973773956299,1.0012787580490112,1.0000011920928955,0.0,0.0,0.0,0.0,0.28217288851737976,0.2812567949295044,3.515873670578003,0.47977927327156067,-3.5241122245788574,-0.4711996018886566,0.0,0.0,0.0,0.0,1.0012787580490112,1.0000011920928955,0.02799391746520996,0.0038200903218239546,-0.027983978390693665,-0.0036212753038853407,0.0,0.0,0.0,0.0,0.0,0.0,0.5999999642372131,0.9987263083457947,0.0
3.116389274597168,10.997347831726074,57.486785888671875,0.2781965136528015,-0.27885809540748596,0.03793545067310333,-0.03681265190243721,1.0012702941894531,1.0000011920928955,0.0,1.0,0.6108194589614868,-0.5937484502792358,0.003162371926009655,0.0033333301544189453,0.0,0.9999973773956299,1.0012702941894531,1.0000011920928955,0.0,0.0,0.0,0.0,0.280414879322052,0.2812771201133728,3.537932872772217,0.4824398458003998,-3.524637460708618,-0.46529486775398254,0.0,0.0,0.0,0.0,1.0012702941894531,1.0000011920928955,0.02781965211033821,0.0037935622967779636,-0.027809837833046913,-0.0035972166806459427,0.0,0.0,0.0,0.0,0.0,0.0,0.5999999642372131,0.9987263083457947,0.0
3.120589256286621,11.285357475280762,57.486785888671875,0.27665868401527405,-0.2786599099636078,0.03762971609830856,-0.038283903151750565,1.0012609958648682,1.0000011920928955,0.0,1.0,0.6108194589614868,-0.5937484502792358,0.0031842198222875595,0.0033333301544189453,0.0,0.9999973773956299,1.0012609958648682,1.0000011920928955,0.0,0.0,0.0,0.0,0.2788544297218323,0.2812771201133728,3.5578629970550537,0.48392254114151,-3.522132396697998,-0.4838908016681671,0.0,0.0,0.0,0.0,1.0012609958648682,1.0000011920928955,0.027665862813591957,0.0037629902362823486,-0.027656158432364464,-0.0035688241478055716,0.0,0.0,0.0,0.0,0.0,0.0,0.5999999642372131,0.9987263083457947,0.0
3.124789237976074,11.575221061706543,57.486785888671875,0.2753017246723175,-0.2790597081184387,0.037286389619112015,-0.03589509800076485,1.001250982284546,1.0000011920928955,0.0,1.0,0.6108194589614868,-0.5937484502792358,0.0032035221811383963,0.0033333301544189453,0.0,0.9999973773956299,1.001250982284546,1.0000011920928955,0.0,0.0,0.0,0.0,0.27746817469596863,0.2813584804534912,3.5758774280548096,0.48431065678596497,-3.525146007537842,-0.4534350633621216,0.0,0.0,0.0,0.0,1.001250982284546,1.0000011920928955,0.02753017283976078,0.003728635376319289,-0.027520567178726196,-0.0035363950300961733,0.0,0.0,0.0,0.0,0.0,0.0,0.5999999642372131,0.9987263083457947,0.0
3.1289892196655273,11.866720199584961,57.486785888671875,0.2741047739982605,-0.27949249744415283,0.03691171109676361,-0.033511679619550705,1.0012403726577759,1.0000011920928955,0.0,1.0,0.6108194589614868,-0.5937484502792358,0.003220571903511882,0.0033333301544189453,0.0,0.9999973773956299,1.0012403726577759,1.0000011920928955,0.0,0.0,0.0,0.0,0.27623629570007324,0.28149402141571045,3.592155694961548,0.48372969031333923,-3.5272135734558105,-0.4229195713996887,0.0,0.0,0.0,0.0,1.0012403726577759,1.0000011920928955,0.027410490438342094,0.0036911682691425085,-0.027400968596339226,-0.003500630846247077,0.0,0.0,0.0,0.0,0.0,0.0,0.5999999642372131,0.9987263083457947,0.0
3.1331892013549805,12.159664154052734,57.486785888671875,0.2730492949485779,-0.2639021575450897,0.03650955110788345,-0.03240057826042175,1.001229166984558,1.0000011920928955,0.0,1.0,0.6108194589614868,-0.5937484502792358,0.0032356244046241045,0.0033333301544189453,0.0,0.9999973773956299,1.001229166984558,1.0000011920928955,0.0,0.0,0.0,0.0,0.2751411199569702,0.2658833861351013,3.6068663597106934,0.4822758436203003,-3.7330219745635986,-0.4583216905593872,0.0,0.0,0.0,0.0,1.001229166984558,1.0000011920928955,0.027304930612444878,0.003650930244475603,-0.027295483276247978,-0.0034619008656591177,0.0,0.0,0.0,0.0,0.0,0.0,0.5999999642372131,0.9987263083457947,0.0
3.1373891830444336,12.45388412475586,57.486785888671875,0.27211910486221313,-0.2791231572628021,0.03608625382184982,-0.03646000474691391,1.0012176036834717,1.0000011920928955,0.0,1.0,0.6108194589614868,-0.5937484502792358,0.0032489104196429253,0.0033333301544189453,0.0,0.9999973773956299,1.0012176036834717,1.0000011920928955,0.0,0.0,0.0,0.0,0.27416759729385376,0.28149402141571045,3.620151996612549,0.48007550835609436,-3.522552728652954,-0.46012765169143677,0.0,0.0,0.0,0.0,1.0012176036834717,1.0000011920928955,0.027211925014853477,0.003608616068959236,-0.02720254473388195,-0.003420921741053462,0.0,0.0,0.0,0.0,0.0,0.0,0.5999999642372131,0.9987263083457947,0.0
3.1415891647338867,12.749227523803711,57.486785888671875,0.2712995409965515,-0.2796139121055603,0.035642269998788834,-0.03408731520175934,1.0012056827545166,1.0000011920928955,0.0,1.0,0.6108194589614868,-0.5937484502792358,0.0032606308814138174,0.0033333301544189453,0.0,0.9999973773956299,1.0012056827545166,1.0000011920928955,0.0,0.0,0.0,0.0,0.27330127358436584,0.28168368339538574,3.6321661472320557,0.47717976570129395,-3.523995876312256,-0.42960503697395325,0.0,0.0,0.0,0.0,1.0012056827545166,1.0000011920928955,0.027129951864480972,0.003564211307093501,-0.02712062932550907,-0.003377701388671994,0.0,0.0,0.0,0.0,0.0,0.0,0.5999999642372131,0.9987263083457947,0.0
3.14578914642334,13.045563697814941,57.486785888671875,0.2705775201320648,-0.26406341791152954,0.03518150746822357,-0.032733190804719925,1.0011934041976929,1.0000011920928955,0.0,1.0,0.6108194589614868,-0.5937484502792358,0.0032709676306694746,0.0033333301544189453,0.0,0.9999973773956299,1.0011934041976929,1.0000011920928955,0.0,0.0,0.0,0.0,0.2725299000740051,0.2660841643810272,3.6430351734161377,0.47368118166923523,-3.729667901992798,-0.46232810616493225,0.0,0.0,0.0,0.0,1.0011934041976929,1.0000011920928955,0.02705773524940014,0.0035181583371013403,-0.027048466727137566,-0.0033326998818665743,0.0,0.0,0.0,0.0,0.0,0.0,0.5999999642372131,0.9987263083457947,0.0
3.149989128112793,13.342774391174316,57.486785888671875,0.26994118094444275,-0.263886958360672,0.034707359969615936,-0.03412642329931259,1.00118088722229,1.000001072883606,0.0,1.0,0.6108194589614868,-0.5937484502792358,0.0032800810877233744,0.0033333301544189453,0.0,0.9999973773956299,1.00118088722229,1.000001072883606,0.0,0.0,0.0,0.0,0.27184227108955383,0.2660841643810272,3.6528782844543457,0.4696643650531769,-3.727175712585449,-0.4820062816143036,0.0,0.0,0.0,0.0,1.00118088722229,1.000001072883606,0.026994122192263603,0.003470746800303459,-0.02698490023612976,-0.003286222694441676,0.0,0.0,0.0,0.0,0.0,0.0,0.5999999642372131,0.9987263083457947,0.0
3.154189109802246,13.640756607055664,57.486785888671875,0.26938173174858093,-0.2644510567188263,0.03422114625573158,-0.03168470412492752,1.0011682510375977,1.0000011920928955,0.0,1.0,0.6108194589614868,-0.5937484502792358,0.003288116306066513,0.0033333301544189453,0.0,0.9999973773956299,1.0011682510375977,1.0000011920928955,0.0,0.0,0.0,0.0,0.2712298631668091,0.2663421034812927,3.661787986755371,0.4651784598827362,-3.727912187576294,-0.4466527998447418,0.0,0.0,0.0,0.0,1.0011682510375977,1.0000011920928955,0.026938164606690407,0.0034221240784972906,-0.026928981766104698,-0.0032384307123720646,0.0,0.0,0.0,0.0,0.0,0.0,0.5999999642372131,0.9987263083457947,0.0
3.158389091491699,13.93941879272461,57.486785888671875,0.2688892185688019,-0.26504823565483093,0.03372673690319061,-0.0292500052601099,1.0011553764343262,1.0000011920928955,0.0,1.0,0.6108194589614868,-0.5937484502792358,0.003295191563665867,0.0033333301544189453,0.0,0.9999973773956299,1.0011553764343262,1.0000011920928955,0.0,0.0,0.0,0.0,0.2706834077835083,0.2666569948196411,3.669865131378174,0.4603106677532196,-3.727510690689087,-0.4113580286502838,0.0,0.0,0.0,0.0,1.0011553764343262,1.0000011920928955,0.026888925582170486,0.003372705075889826,-0.02687978185713291,-0.003189750714227557,0.0,0.0,0.0,0.0,0.0,0.0,0.5999999642372131,0.9987263083457947,0.0
3.1625890731811523,14.238679885864258,57.486785888671875,0.2684561014175415,-0.2648901641368866,0.03322439640760422,-0.030648479238152504,1.0011423826217651,1.0000011920928955,0.0,1.0,0.6108194589614868,-0.5937484502792358,0.0033014246728271246,0.0033333301544189453,0.0,0.9999973773956299,1.0011423826217651,1.0000011920928955,0.0,0.0,0.0,0.0,0.2701955735683441,0.2666569948196411,3.6771962642669678,0.45509347319602966,-3.725287675857544,-0.43102550506591797,0.0,0.0,0.0,0.0,1.0011423826217651,1.0000011920928955,0.026845622807741165,0.003322427859529853,-0.026836512610316277,-0.0031401326414197683,0.0,0.0,0.0,0.0,0.0,0.0,0.5999999642372131,0.9987263083457947,0.0
3.1667890548706055,14.538467407226562,57.486785888671875,0.2680753171443939,-0.2647247016429901,0.0327153205871582,-0.032046105712652206,1.0011292695999146,1.0000011920928955,0.0,1.0,0.6108194589614868,-0.5937484502792358,0.003306911326944828,0.0033333301544189453,0.0,0.9999973773956299,1.0011292695999146,1.0000011920928955,0.0,0.0,0.0,0.0,0.26975956559181213,0.2666569948196411,3.6838605403900146,0.4495701789855957,-3.722961187362671,-0.45068103075027466,0.0,0.0,0.0,0.0,1.0011292695999146,1.0000011920928955,0.02680753730237484,0.0032715231645852327,-0.02679845504462719,-0.0030898158438503742,0.0,0.0,0.0,0.0,0.0,0.0,0.5999999642372131,0.9987263083457947,0.0
3.1709890365600586,14.83871841430664,57.486785888671875,0.267740935087204,-0.28064993023872375,0.03220279514789581,-0.03294000402092934,1.001116156578064,1.0000011920928955,0.0,1.0,0.6108194589614868,-0.5937484502792358,0.0033117395360022783,0.0033333301544189453,0.0,0.9999973773956299,1.001116156578064,1.0000011920928955,0.0,0.0,0.0,0.0,0.2693699598312378,0.2825760841369629,3.689915895462036,0.44380807876586914,-3.5147476196289062,-0.412527471780777,0.0,0.0,0.0,0.0,1.001116156578064,1.0000011920928955,0.026774106547236443,0.0032202736474573612,-0.02676505222916603,-0.0030390906613320112,0.0,0.0,0.0,0.0,0.0,0.0,0.5999999642372131,0.9987263083457947,0.0
3.1751890182495117,15.13937759399414,57.486785888671875,0.26744788885116577,-0.26522043347358704,0.031686730682849884,-0.031025705859065056,1.0011029243469238,1.000001072883606,0.0,1.0,0.6108194589614868,-0.5937484502792358,0.0033159852027893066,0.0033333301544189453,0.0,0.9999973773956299,1.0011029243469238,1.000001072883606,0.0,0.0,0.0,0.0,0.2690217196941376,0.26702868938446045,3.695425271987915,0.43782714009284973,-3.7195563316345215,-0.4351167678833008,0.0,0.0,0.0,0.0,1.0011029243469238,1.000001072883606,0.026744777336716652,0.0031686846632510424,-0.026735743507742882,-0.002987970132380724,0.0,0.0,0.0,0.0,0.0,0.0,0.5999999642372131,0.9987263083457947,0.0
3.179388999938965,15.440397262573242,57.486785888671875,0.2671905755996704,-0.2659218907356262,0.03116733394563198,-0.02861667424440384,1.0010896921157837,1.0000011920928955,0.0,1.0,0.6108194589614868,-0.5937484502792358,0.0033197137527167797,0.0033333301544189453,0.0,0.9999973773956299,1.0010896921157837,1.0000011920928955,0.0,0.0,0.0,0.0,0.2687094211578369,0.26745691895484924,3.7004566192626953,0.4316520690917969,-3.717461109161377,-0.4000474214553833,0.0,0.0,0.0,0.0,1.0010896921157837,1.0000011920928955,0.026719052344560623,0.003116750856861472,-0.026710039004683495,-0.002936455886811018,0.0,0.0,0.0,0.0,0.0,0.0,0.5999999642372131,0.9987263083457947,0.0
3.183588981628418,15.741731643676758,57.486785888671875,0.2669649124145508,-0.2657671868801117,0.03064700961112976,-0.030019771307706833,1.0010764598846436,1.0000011920928955,0.0,1.0,0.6108194589614868,-0.5937484502792358,0.003322990844026208,0.0033333301544189453,0.0,0.9999973773956299,1.0010764598846436,1.0000011920928955,0.0,0.0,0.0,0.0,0.26842930912971497,0.26745691895484924,3.705052375793457,0.4253322184085846,-3.7152979373931885,-0.4196620583534241,0.0,0.0,0.0,0.0,1.0010764598846436,1.0000011920928955,0.02669648826122284,0.003064720658585429,-0.026687493547797203,-0.0028848012443631887,0.0,0.0,0.0,0.0,0.0,0.0,0.5999999642372131,0.9987263083457947,0.0
3.187788963317871,16.04334259033203,57.486785888671875,0.26676732301712036,-0.26651403307914734,0.030126743018627167,-0.027623020112514496,1.001063346862793,1.0000011920928955,0.0,1.0,0.6108194589614868,-0.5937484502792358,0.0033258674666285515,0.0033333301544189453,0.0,0.9999973773956299,1.001063346862793,1.0000011920928955,0.0,0.0,0.0,0.0,0.26817792654037476,0.267941415309906,3.709254026412964,0.4188958704471588,-3.7122771739959717,-0.38476136326789856,0.0,0.0,0.0,0.0,1.001063346862793,1.0000011920928955,0.026676733046770096,0.0030126895289868116,-0.026667756959795952,-0.0028331067878752947,0.0,0.0,0.0,0.0,0.0,0.0,0.5999999642372131,0.9987263083457947,0.0
3.191988945007324,16.345195770263672,57.486785888671875,0.2665947675704956,-0.26636451482772827,0.029607106000185013,-0.02902926132082939,1.0010501146316528,1.000001072883606,0.0,1.0,0.6108194589614868,-0.5937484502792358,0.003328390885144472,0.0033333301544189453,0.0,0.9999973773956299,1.0010501146316528,1.000001072883606,0.0,0.0,0.0,0.0,0.26795241236686707,0.267941415309906,3.713097333908081,0.4123639166355133,-3.7101945877075195,-0.4043489098548889,0.0,0.0,0.0,0.0,1.0010501146316528,1.000001072883606,0.026659473776817322,0.002960685407742858,-0.02665051259100437,-0.00278140464797616,0.0,0.0,0.0,0.0,0.0,0.0,0.5999999642372131,0.9987263083457947,0.0
3.1961889266967773,16.647262573242188,57.486785888671875,0.26644420623779297,-0.2671566903591156,0.029087085276842117,-0.0266454815864563,1.0010370016098022,1.000001072883606,0.0,1.0,0.6108194589614868,-0.5937484502792358,0.0033306011464446783,0.0033333301544189453,0.0,0.9999973773956299,1.0010370016098022,1.000001072883606,0.0,0.0,0.0,0.0,0.26774951815605164,0.26848188042640686,3.7166261672973633,0.4057352840900421,-3.7062618732452393,-0.3696524500846863,0.0,0.0,0.0,0.0,1.0010370016098022,1.000001072883606,0.026644418016076088,0.0029087213333696127,-0.026635468006134033,-0.0027297118213027716,0.0,0.0,0.0,0.0,0.0,0.0,0.5999999642372131,0.9987263083457947,0.0
3.2003889083862305,16.949514389038086,57.486785888671875,0.2663126289844513,-0.267012357711792,0.02856862172484398,-0.028055116534233093,1.0010240077972412,1.0000011920928955,0.0,1.0,0.6108194589614868,-0.5937484502792358,0.0033325350377708673,0.0033333301544189453,0.0,0.9999973773956299,1.0010240077972412,1.0000011920928955,0.0,0.0,0.0,0.0,0.26756659150123596,0.26848188042640686,3.719871759414673,0.3990483582019806,-3.7042593955993652,-0.3892083466053009,0.0,0.0,0.0,0.0,1.0010240077972412,1.0000011920928955,0.02663123980164528,0.002856888109818101,-0.026622304692864418,-0.00267812330275774,0.0,0.0,0.0,0.0,0.0,0.0,0.5999999642372131,0.9987263083457947,0.0
3.2045888900756836,17.251930236816406,57.486785888671875,0.26619815826416016,-0.2668605446815491,0.02805343270301819,-0.029463980346918106,1.0010110139846802,1.000001072883606,0.0,1.0,0.6108194589614868,-0.5937484502792358,0.0033342270180583,0.0033333301544189453,0.0,0.9999973773956299,1.0010110139846802,1.000001072883606,0.0,0.0,0.0,0.0,0.26740193367004395,0.26848188042640686,3.722853660583496,0.39233487844467163,-3.702153444290161,-0.40875348448753357,0.0,0.0,0.0,0.0,1.0010110139846802,1.000001072883606,0.026619819924235344,0.002805369207635522,-0.02661089412868023,-0.0026268239598721266,0.0,0.0,0.0,0.0,0.0,0.0,0.5999999642372131,0.9987263083457947,0.0
3.2087888717651367,17.554489135742188,57.486785888671875,0.26609936356544495,-0.26871928572654724,0.02754027023911476,-0.02332460880279541,1.0009981393814087,1.0000011920928955,0.0,1.0,0.6108194589614868,-0.5937484502792358,0.00333570409566164,0.0033333301544189453,0.0,0.9999973773956299,1.0009981393814087,1.0000011920928955,0.0,0.0,0.0,0.0,0.26725396513938904,0.2697293162345886,3.7255938053131104,0.3855847418308258,-3.6935372352600098,-0.32059603929519653,0.0,0.0,0.0,0.0,1.0009981393814087,1.0000011920928955,0.02660992741584778,0.0027540179435163736,-0.026601014658808708,-0.002575670601800084,0.0,0.0,0.0,0.0,0.0,0.0,0.5999999642372131,0.9987263083457947,0.0
3.21298885345459,17.85717010498047,57.486785888671875,0.2660129964351654,-0.2685924470424652,0.02702941745519638,-0.024742547422647476,1.0009853839874268,1.0000011920928955,0.0,1.0,0.6108194589614868,-0.5937484502792358,0.003336988389492035,0.0033333301544189453,0.0,0.9999973773956299,1.0009853839874268,1.0000011920928955,0.0,0.0,0.0,0.0,0.26711949706077576,0.2697293162345886,3.728135347366333,0.3788135051727295,-3.691793918609619,-0.3400854766368866,0.0,0.0,0.0,0.0,1.0009853839874268,1.0000011920928955,0.026601308956742287,0.0027029705233871937,-0.026592403650283813,-0.002524802228435874,0.0,0.0,0.0,0.0,0.0,0.0,0.5999999642372131,0.9987263083457947,0.0
3.217188835144043,18.15995979309082,57.486785888671875,0.2659386396408081,-0.25340670347213745,0.026522330939769745,-0.02196485921740532,1.0009726285934448,1.0000011920928955,0.0,1.0,0.6108194589614868,-0.5937484502792358,0.0033381101675331593,0.0033333301544189453,0.0,0.9999973773956299,1.0009726285934448,1.0000011920928955,0.0,0.0,0.0,0.0,0.2669982314109802,0.2543565630912781,3.7304792404174805,0.37204453349113464,-3.916806936264038,-0.33950212597846985,0.0,0.0,0.0,0.0,1.0009726285934448,1.0000011920928955,0.026593877002596855,0.0026522399857640266,-0.02658497728407383,-0.0024742335081100464,0.0,0.0,0.0,0.0,0.0,0.0,0.5999999642372131,0.9987263083457947,0.0
3.221388816833496,18.462844848632812,57.486785888671875,0.26587459444999695,-0.26831626892089844,0.0260186567902565,-0.02757631242275238,1.000959873199463,1.0000011920928955,0.0,1.0,0.6108194589614868,-0.5937484502792358,0.003339082235470414,0.0033333301544189453,0.0,0.9999973773956299,1.000959873199463,1.0000011920928955,0.0,0.0,0.0,0.0,0.26688846945762634,0.2697293162345886,3.732649326324463,0.3652794659137726,-3.687998056411743,-0.37903544306755066,0.0,0.0,0.0,0.0,1.000959873199463,1.0000011920928955,0.026587465777993202,0.002601861022412777,-0.026578575372695923,-0.002424000995233655,0.0,0.0,0.0,0.0,0.0,0.0,0.5999999642372131,0.9987263083457947,0.0
3.225588798522949,18.765811920166016,57.486785888671875,0.2658197581768036,-0.2692553997039795,0.02551712468266487,-0.025240488350391388,1.0009474754333496,1.0000011920928955,0.0,1.0,0.6108194589614868,-0.5937484502792358,0.00333992438390851,0.0033333301544189453,0.0,0.9999973773956299,1.0009474754333496,1.0000011920928955,0.0,0.0,0.0,0.0,0.26678892970085144,0.27043554186820984,3.7346649169921875,0.3585057556629181,-3.681602716445923,-0.3451201021671295,0.0,0.0,0.0,0.0,1.0009474754333496,1.0000011920928955,0.026581982150673866,0.0025517118629068136,-0.026573097333312035,-0.0023739843163639307,0.0,0.0,0.0,0.0,0.0,0.0,0.5999999642372131,0.9987263083457947,0.0
3.2297887802124023,19.068845748901367,57.486785888671875,0.2657722532749176,-0.2702265977859497,0.025020278990268707,-0.022915471345186234,1.0009348392486572,1.000001072883606,0.0,1.0,0.6108194589614868,-0.5937484502792358,0.0033406512811779976,0.0033333301544189453,0.0,0.9999973773956299,1.0009348392486572,1.000001072883606,0.0,0.0,0.0,0.0,0.26669806241989136,0.2711961567401886,3.7365424633026123,0.35176485776901245,-3.674184560775757,-0.31157436966896057,0.0,0.0,0.0,0.0,1.0009348392486572,1.000001072883606,0.026577237993478775,0.0025020188186317682,-0.02656835876405239,-0.0023244123440235853,0.0,0.0,0.0,0.0,0.0,0.0,0.5999999642372131,0.9987263083457947,0.0
3.2339887619018555,19.3719425201416,57.486785888671875,0.2657327353954315,-0.2551424205303192,0.02452630177140236,-0.019829627126455307,1.0009225606918335,1.0000011920928955,0.0,1.0,0.6108194589614868,-0.5937484502792358,0.003341281320899725,0.0033333301544189453,0.0,0.9999973773956299,1.0009225606918335,1.0000011920928955,0.0,0.0,0.0,0.0,0.26661619544029236,0.25591155886650085,3.738281488418579,0.3450316786766052,-3.8958561420440674,-0.3027852773666382,0.0,0.0,0.0,0.0,1.0009225606918335,1.0000011920928955,0.026573270559310913,0.0024526657070964575,-0.026564398780465126,-0.002275168662890792,0.0,0.0,0.0,0.0,0.0,0.0,0.5999999642372131,0.9987263083457947,0.0
3.2381887435913086,19.675092697143555,57.486785888671875,0.2656986713409424,-0.269969642162323,0.02403702586889267,-0.025766577571630478,1.0009102821350098,1.0000011920928955,0.0,1.0,0.6108194589614868,-0.5937484502792358,0.0033418159000575542,0.0033333301544189453,0.0,0.9999973773956299,1.0009102821350098,1.0000011920928955,0.0,0.0,0.0,0.0,0.26654109358787537,0.2711961567401886,3.7399086952209473,0.338339239358902,-3.6706912517547607,-0.3503399193286896,0.0,0.0,0.0,0.0,1.0009102821350098,1.0000011920928955,0.026569871231913567,0.002403698628768325,-0.026561005041003227,-0.002226301236078143,0.0,0.0,0.0,0.0,0.0,0.0,0.5999999642372131,0.9987263083457947,0.0
3.2423887252807617,19.97828483581543,57.486785888671875,0.2656702697277069,-0.25725358724594116,0.023551978170871735,-0.015066195279359818,1.0008982419967651,1.000001072883606,0.0,1.0,0.6108194589614868,-0.5937484502792358,0.0033422778360545635,0.0033333301544189453,0.0,0.9999973773956299,1.0008982419967651,1.000001072883606,0.0,0.0,0.0,0.0,0.26647281646728516,0.2576940953731537,3.7414255142211914,0.3316817879676819,-3.873936414718628,-0.22687917947769165,0.0,0.0,0.0,0.0,1.0008982419967651,1.000001072883606,0.026567017659544945,0.0023552286438643932,-0.026558158919215202,-0.00217792228795588,0.0,0.0,0.0,0.0,0.0,0.0,0.5999999642372131,0.9987263083457947,0.0
3.246588706970215,20.281518936157227,57.486785888671875,0.26564669609069824,-0.25479647517204285,0.023070968687534332,-0.02386680617928505,1.0008862018585205,1.000001072883606,0.0,1.0,0.6108194589614868,-0.5937484502792358,0.0033426685258746147,0.0033333301544189453,0.0,0.9999973773956299,1.0008862018585205,1.000001072883606,0.0,0.0,0.0,0.0,0.26641055941581726,0.25591155886650085,3.742842197418213,0.3250596225261688,-3.890573501586914,-0.36443033814430237,0.0,0.0,0.0,0.0,1.0008862018585205,1.000001072883606,0.02656467631459236,0.002307102084159851,-0.02655581571161747,-0.0021298786159604788,0.0,0.0,0.0,0.0,0.0,0.0,0.5999999642372131,0.9987263083457947,0.0
3.250788688659668,20.58478355407715,57.486785888671875,0.2656278908252716,-0.2719411253929138,0.022594943642616272,-0.022607330232858658,1.0008742809295654,1.0000011920928955,0.0,1.0,0.6108194589614868,-0.5937484502792358,0.003342999145388603,0.0033333301544189453,0.0,0.9999973773956299,1.0008742809295654,1.0000011920928955,0.0,0.0,0.0,0.0,0.2663542628288269,0.27287888526916504,3.744159460067749,0.31848716735839844,-3.6520354747772217,-0.3036052882671356,0.0,0.0,0.0,0.0,1.0008742809295654,1.0000011920928955,0.026562783867120743,0.0022594996262341738,-0.0265539288520813,-0.0020823508966714144,0.0,0.0,0.0,0.0,0.0,0.0,0.5999999642372131,0.9987263083457947,0.0
3.254988670349121,20.88807487487793,57.486785888671875,0.2656122148036957,-0.2742704451084137,0.022122390568256378,-0.016624681651592255,1.0008624792099,1.0000011920928955,0.0,1.0,0.6108194589614868,-0.5937484502792358,0.0033432720229029655,0.0033333301544189453,0.0,0.9999973773956299,1.0008624792099,1.0000011920928955,0.0,0.0,0.0,0.0,0.2663021981716156,0.274773508310318,3.7454028129577637,0.3119482398033142,-3.632697820663452,-0.220193013548851,0.0,0.0,0.0,0.0,1.0008624792099,1.0000011920928955,0.026561221107840538,0.0022122408263385296,-0.026552369818091393,-0.0020351612474769354,0.0,0.0,0.0,0.0,0.0,0.0,0.5999999642372131,0.9987263083457947,0.0
3.259188652038574,21.191389083862305,57.486785888671875,0.2655997574329376,-0.25687822699546814,0.021653808653354645,-0.020493444055318832,1.0008509159088135,1.0000011920928955,0.0,1.0,0.6108194589614868,-0.5937484502792358,0.0033435022924095392,0.0033333301544189453,0.0,0.9999973773956299,1.0008509159088135,1.0000011920928955,0.0,0.0,0.0,0.0,0.2662544250488281,0.2576940953731537,3.7465710639953613,0.30545032024383545,-3.868283987045288,-0.30860716104507446,0.0,0.0,0.0,0.0,1.0008509159088135,1.0000011920928955,0.026559969410300255,0.0021653880830854177,-0.026551125571131706,-0.001988372066989541,0.0,0.0,0.0,0.0,0.0,0.0,0.5999999642372131,0.9987263083457947,0.0
3.2633886337280273,21.494720458984375,57.486785888671875,0.2655903100967407,-0.25929707288742065,0.021190665662288666,-0.014457620680332184,1.0008392333984375,1.000001072883606,0.0,1.0,0.6108194589614868,-0.5937484502792358,0.0033436897210776806,0.0033333301544189453,0.0,0.9999973773956299,1.0008392333984375,1.000001072883606,0.0,0.0,0.0,0.0,0.2662109434604645,0.2596995234489441,3.7476625442504883,0.2990148663520813,-3.8446366786956787,-0.21436527371406555,0.0,0.0,0.0,0.0,1.0008392333984375,1.000001072883606,0.026559043675661087,0.002119092270731926,-0.02655019797384739,-0.0019421341130509973,0.0,0.0,0.0,0.0,0.0,0.0,0.5999999642372131,0.9987263083457947,0.0
3.2675886154174805,21.798067092895508,57.486785888671875,0.26558351516723633,-0.25921714305877686,0.0207333043217659,-0.015825949609279633,1.0008277893066406,1.000001072883606,0.0,1.0,0.6108194589614868,-0.5937484502792358,0.0033438410609960556,0.0033333301544189453,0.0,0.9999973773956299,1.0008277893066406,1.000001072883606,0.0,0.0,0.0,0.0,0.26617127656936646,0.2596995234489441,3.7486836910247803,0.29264840483665466,-3.843451499938965,-0.2346537560224533,0.0,0.0,0.0,0.0,1.0008277893066406,1.000001072883606,0.02655835822224617,0.002073328709229827,-0.02654951624572277,-0.0018964232876896858,0.0,0.0,0.0,0.0,0.0,0.0,0.5999999642372131,0.9987263083457947,0.0
3.2717885971069336,22.10142707824707,57.486785888671875,0.2655786871910095,-0.2591300308704376,0.02027842402458191,-0.017193838953971863,1.0008164644241333,1.000001072883606,0.0,1.0,0.6108194589614868,-0.5937484502792358,0.0033439593389630318,0.0033333301544189453,0.0,0.9999973773956299,1.0008164644241333,1.000001072883606,0.0,0.0,0.0,0.0,0.26613447070121765,0.2596995234489441,3.749652147293091,0.2863069772720337,-3.8421595096588135,-0.2549356520175934,0.0,0.0,0.0,0.0,1.0008164644241333,1.000001072883606,0.026557868346571922,0.0020278440788388252,-0.02654903009533882,-0.0018509876681491733,0.0,0.0,0.0,0.0,0.0,0.0,0.5999999642372131,0.9987263083457947,0.0
3.2759885787963867,22.404796600341797,57.486785888671875,0.2655763030052185,-0.2590356767177582,0.019828714430332184,-0.018561244010925293,1.0008052587509155,1.0000011920928955,0.0,1.0,0.6108194589614868,-0.5937484502792358,0.0033440510742366314,0.0033333301544189453,0.0,0.9999973773956299,1.0008052587509155,1.0000011920928955,0.0,0.0,0.0,0.0,0.266101211309433,0.2596995234489441,3.7505555152893066,0.2800275683403015,-3.8407607078552246,-0.27521032094955444,0.0,0.0,0.0,0.0,1.0008052587509155,1.0000011920928955,0.02655763365328312,0.0019828553777188063,-0.026548797264695168,-0.0018060430884361267,0.0,0.0,0.0,0.0,0.0,0.0,0.5999999642372131,0.9987263083457947,0.0
3.28018856048584,22.708173751831055,57.486785888671875,0.2655753493309021,-0.2616201937198639,0.019383788108825684,-0.012591905891895294,1.0007941722869873,1.0000011920928955,0.0,1.0,0.6108194589614868,-0.5937484502792358,0.003344114637002349,0.0033333301544189453,0.0,0.9999973773956299,1.0007941722869873,1.0000011920928955,0.0,0.0,0.0,0.0,0.26607048511505127,0.2619227170944214,3.751408338546753,0.27380749583244324,-3.813509702682495,-0.1835460513830185,0.0,0.0,0.0,0.0,1.0007941722869873,1.0000011920928955,0.026557547971606255,0.0019383489852771163,-0.026548713445663452,-0.0017615774413570762,0.0,0.0,0.0,0.0,0.0,0.0,0.5999999642372131,0.9987263083457947,0.0
3.284388542175293,23.01155662536621,57.486785888671875,0.265576034784317,-0.26155006885528564,0.018942177295684814,-0.013972528278827667,1.0007832050323486,1.0000011920928955,0.0,1.0,0.6108194589614868,-0.5937484502792358,0.003344158409163356,0.0033333301544189453,0.0,0.9999973773956299,1.0007832050323486,1.0000011920928955,0.0,0.0,0.0,0.0,0.2660423517227173,0.2619227170944214,3.752211809158325,0.26762598752975464,-3.812487840652466,-0.2036707103252411,0.0,0.0,0.0,0.0,1.0007832050323486,1.0000011920928955,0.02655758522450924,0.00189421814866364,-0.026548752561211586,-0.0017174844397231936,0.0,0.0,0.0,0.0,0.0,0.0,0.5999999642372131,0.9987263083457947,0.0
3.288588523864746,23.31494140625,57.486785888671875,0.2655777633190155,-0.2760876417160034,0.018506668508052826,-0.020879462361335754,1.00077223777771,1.0000011920928955,0.0,1.0,0.6108194589614868,-0.5937484502792358,0.003344181692227721,0.0033333301544189453,0.0,0.9999973773956299,1.00077223777771,1.0000011920928955,0.0,0.0,0.0,0.0,0.2660163640975952,0.27687570452690125,3.752969264984131,0.2615240216255188,-3.6014490127563477,-0.27236396074295044,0.0,0.0,0.0,0.0,1.00077223777771,1.0000011920928955,0.026557771489024162,0.0018506253836676478,-0.02654894068837166,-0.0016739260172471404,0.0,0.0,0.0,0.0,0.0,0.0,0.5999999642372131,0.9987263083457947,0.0
3.292788505554199,23.618324279785156,57.486785888671875,0.2655801773071289,-0.26138800382614136,0.018074549734592438,-0.016732551157474518,1.0007615089416504,1.000001072883606,0.0,1.0,0.6108194589614868,-0.5937484502792358,0.0033441900741308928,0.0033333301544189453,0.0,0.9999973773956299,1.0007615089416504,1.000001072883606,0.0,0.0,0.0,0.0,0.2659919857978821,0.2619227170944214,3.7536916732788086,0.2554644048213959,-3.8101255893707275,-0.2439022809267044,0.0,0.0,0.0,0.0,1.0007615089416504,1.000001072883606,0.02655803970992565,0.0018074418185278773,-0.026549210771918297,-0.0016307745827361941,0.0,0.0,0.0,0.0,0.0,0.0,0.5999999642372131,0.9987263083457947,0.0
3.2969884872436523,23.921709060668945,57.486785888671875,0.26558488607406616,-0.2612960934638977,0.017646871507167816,-0.01811186969280243,1.0007508993148804,1.0000011920928955,0.0,1.0,0.6108194589614868,-0.5937484502792358,0.003344186581671238,0.0033333301544189453,0.0,0.9999973773956299,1.0007508993148804,1.0000011920928955,0.0,0.0,0.0,0.0,0.26597079634666443,0.2619227170944214,3.7543559074401855,0.2494594305753708,-3.8087854385375977,-0.26400795578956604,0.0,0.0,0.0,0.0,1.0007508993148804,1.0000011920928955,0.02655848301947117,0.0017646936466917396,-0.026549655944108963,-0.0015880548162385821,0.0,0.0,0.0,0.0,0.0,0.0,0.5999999642372131,0.9987263083457947,0.0
3.3011884689331055,24.225093841552734,57.486785888671875,0.2655896544456482,-0.26407554745674133,0.01722434163093567,-0.012227900326251984,1.0007404088974,1.0000011920928955,0.0,1.0,0.6108194589614868,-0.5937484502792358,0.0033441626001149416,0.0033333301544189453,0.0,0.9999973773956299,1.0007404088974,1.0000011920928955,0.0,0.0,0.0,0.0,0.2659507095813751,0.26435819268226624,3.754990816116333,0.2435232400894165,-3.7787020206451416,-0.17497114837169647,0.0,0.0,0.0,0.0,1.0007404088974,1.0000011920928955,0.026558950543403625,0.001722467946819961,-0.02655012346804142,-0.001545855775475502,0.0,0.0,0.0,0.0,0.0,0.0,0.5999999642372131,0.9987263083457947,0.0
3.3053884506225586,24.528474807739258,57.486785888671875,0.2655949592590332,-0.2640073299407959,0.016805551946163177,-0.013621486723423004,1.0007297992706299,1.0000011920928955,0.0,1.0,0.6108194589614868,-0.5937484502792358,0.0033441325649619102,0.0033333301544189453,0.0,0.9999973773956299,1.0007297992706299,1.0000011920928955,0.0,0.0,0.0,0.0,0.26593202352523804,0.26435819268226624,3.7555932998657227,0.23763561248779297,-3.7777259349823,-0.19491219520568848,0.0,0.0,0.0,0.0,1.0007297992706299,1.0000011920928955,0.02655950002372265,0.0016805602936074138,-0.026550671085715294,-0.0015039726858958602,0.0,0.0,0.0,0.0,0.0,0.0,0.5999999642372131,0.9987263083457947,0.0
3.3095884323120117,24.83185386657715,57.486785888671875,0.26560091972351074,-0.2639317512512207,0.01639200747013092,-0.015014700591564178,1.0007195472717285,1.0000011920928955,0.0,1.0,0.6108194589614868,-0.5937484502792358,0.0033440932165831327,0.0033333301544189453,0.0,0.9999973773956299,1.0007195472717285,1.0000011920928955,0.0,0.0,0.0,0.0,0.2659149169921875,0.26435819268226624,3.7561607360839844,0.23181776702404022,-3.776644468307495,-0.2148478627204895,0.0,0.0,0.0,0.0,1.0007195472717285,1.0000011920928955,0.026560103520751,0.0016392067773267627,-0.026551276445388794,-0.0014626417541876435,0.0,0.0,0.0,0.0,0.0,0.0,0.5999999642372131,0.9987263083457947,0.0
3.313788414001465,25.135229110717773,57.486785888671875,0.2656079828739166,-0.26684218645095825,0.01598285138607025,-0.009191162884235382,1.0007092952728271,1.000001072883606,0.0,1.0,0.6108194589614868,-0.5937484502792358,0.0033440457191318274,0.0033333301544189453,0.0,0.9999973773956299,1.0007092952728271,1.000001072883606,0.0,0.0,0.0,0.0,0.26589980721473694,0.26700010895729065,3.7566874027252197,0.22605715692043304,-3.743101119995117,-0.1289280354976654,0.0,0.0,0.0,0.0,1.0007092952728271,1.000001072883606,0.026560787111520767,0.0015982998302206397,-0.02655196189880371,-0.001421755296178162,0.0,0.0,0.0,0.0,0.0,0.0,0.5999999642372131,0.9987263083457947,0.0
3.317988395690918,25.4385986328125,57.486785888671875,0.2656150460243225,-0.2637585699558258,0.01557759940624237,-0.017799802124500275,1.0006992816925049,1.0000011920928955,0.0,1.0,0.6108194589614868,-0.5937484502792358,0.0033439877443015575,0.0033333301544189453,0.0,0.9999973773956299,1.0006992816925049,1.0000011920928955,0.0,0.0,0.0,0.0,0.26588550209999084,0.26435819268226624,3.7571914196014404,0.2203490287065506,-3.7741663455963135,-0.25470033288002014,0.0,0.0,0.0,0.0,1.0006992816925049,1.0000011920928955,0.026561513543128967,0.0015577382873743773,-0.02655269019305706,-0.0013812124961987138,0.0,0.0,0.0,0.0,0.0,0.0,0.5999999642372131,0.9987263083457947,0.0
3.322188377380371,25.741960525512695,57.486785888671875,0.26562264561653137,-0.26673030853271484,0.015176959335803986,-0.012007318437099457,1.0006892681121826,1.0000011920928955,0.0,1.0,0.6108194589614868,-0.5937484502792358,0.003343926975503564,0.0033333301544189453,0.0,0.9999973773956299,1.0006892681121826,1.0000011920928955,0.0,0.0,0.0,0.0,0.26587262749671936,0.26700010895729065,3.7576632499694824,0.21470269560813904,-3.7415318489074707,-0.16843147575855255,0.0,0.0,0.0,0.0,1.0006892681121826,1.0000011920928955,0.026562262326478958,0.0015176621964201331,-0.026553437113761902,-0.0013411537511274219,0.0,0.0,0.0,0.0,0.0,0.0,0.5999999642372131,0.9987263083457947,0.0
3.326388359069824,26.045318603515625,57.486785888671875,0.2656307518482208,-0.26666319370269775,0.014779798686504364,-0.013414904475212097,1.00067937374115,1.000001072883606,0.0,1.0,0.6108194589614868,-0.5937484502792358,0.0033438592217862606,0.0033333301544189453,0.0,0.9999973773956299,1.00067937374115,1.000001072883606,0.0,0.0,0.0,0.0,0.26586097478866577,0.26700010895729065,3.7581067085266113,0.2091025412082672,-3.740590810775757,-0.18817616999149323,0.0,0.0,0.0,0.0,1.00067937374115,1.000001072883606,0.026563076302409172,0.0014779794728383422,-0.026554254814982414,-0.001301486394368112,0.0,0.0,0.0,0.0,0.0,0.0,0.5999999642372131,0.9987263083457947,0.0
3.3305883407592773,26.348670959472656,57.486785888671875,0.26563870906829834,-0.2665886878967285,0.014387913048267365,-0.014822132885456085,1.0006695985794067,1.0000011920928955,0.0,1.0,0.6108194589614868,-0.5937484502792358,0.0033437858801335096,0.0033333301544189453,0.0,0.9999973773956299,1.0006695985794067,1.0000011920928955,0.0,0.0,0.0,0.0,0.2658500373363495,0.26700010895729065,3.758528709411621,0.20357491075992584,-3.7395453453063965,-0.20791591703891754,0.0,0.0,0.0,0.0,1.0006695985794067,1.0000011920928955,0.026563888415694237,0.0014387925621122122,-0.02655506692826748,-0.001262313686311245,0.0,0.0,0.0,0.0,0.0,0.0,0.5999999642372131,0.9987263083457947,0.0
3.3347883224487305,26.65201759338379,57.486785888671875,0.26564744114875793,-0.2696894705295563,0.0139995738863945,-0.00909411907196045,1.0006599426269531,1.0000011920928955,0.0,1.0,0.6108194589614868,-0.5937484502792358,0.0033437120728194714,0.0033333301544189453,0.0,0.9999973773956299,1.0006599426269531,1.0000011920928955,0.0,0.0,0.0,0.0,0.265840619802475,0.2698424458503723,3.758918523788452,0.19809432327747345,-3.703765630722046,-0.12489356100559235,0.0,0.0,0.0,0.0,1.0006599426269531,1.0000011920928955,0.026564745232462883,0.001399958273395896,-0.026555923745036125,-0.0012234922032803297,0.0,0.0,0.0,0.0,0.0,0.0,0.5999999642372131,0.9987263083457947,0.0
3.3389883041381836,26.955354690551758,57.486785888671875,0.2656565308570862,-0.26963770389556885,0.013615578413009644,-0.01051737368106842,1.000650405883789,1.0000011920928955,0.0,1.0,0.6108194589614868,-0.5937484502792358,0.0033436305820941925,0.0033333301544189453,0.0,0.9999973773956299,1.000650405883789,1.0000011920928955,0.0,0.0,0.0,0.0,0.2658323049545288,0.2698424458503723,3.759282350540161,0.19267289340496063,-3.703054666519165,-0.14443977177143097,0.0,0.0,0.0,0.0,1.000650405883789,1.0000011920928955,0.026565659791231155,0.0013615594943985343,-0.026556840166449547,-0.0011851043673232198,0.0,0.0,0.0,0.0,0.0,0.0,0.5999999642372131,0.9987263083457947,0.0
3.3431882858276367,27.258686065673828,57.486785888671875,0.265665203332901,-0.2695784568786621,0.013236120343208313,-0.011940330266952515,1.000640869140625,1.0000011920928955,0.0,1.0,0.6108194589614868,-0.5937484502792358,0.00334354629740119,0.0033333301544189453,0.0,0.9999973773956299,1.000640869140625,1.0000011920928955,0.0,0.0,0.0,0.0,0.2658243477344513,0.2698424458503723,3.7596302032470703,0.18731442093849182,-3.7022409439086914,-0.16398191452026367,0.0,0.0,0.0,0.0,1.000640869140625,1.0000011920928955,0.026566538959741592,0.00132358621340245,-0.026557719334959984,-0.0011471414472907782,0.0,0.0,0.0,0.0,0.0,0.0,0.5999999642372131,0.9987263083457947,0.0
3.34738826751709,27.5620059967041,57.486785888671875,0.2656741142272949,-0.2695116698741913,0.012860864400863647,-0.013362951576709747,1.00063157081604,1.0000011920928955,0.0,1.0,0.6108194589614868,-0.5937484502792358,0.0033434622455388308,0.0033333301544189453,0.0,0.9999973773956299,1.00063157081604,1.0000011920928955,0.0,0.0,0.0,0.0,0.2658173441886902,0.2698424458503723,3.7599549293518066,0.18201346695423126,-3.7013237476348877,-0.1835193932056427,0.0,0.0,0.0,0.0,1.00063157081604,1.0000011920928955,0.026567427441477776,0.0012860782444477081,-0.026558607816696167,-0.0011096429079771042,0.0,0.0,0.0,0.0,0.0,0.0,0.5999999642372131,0.9987263083457947,0.0
3.351588249206543,27.86532211303711,57.486785888671875,0.26568377017974854,-0.2727700173854828,0.012488998472690582,-0.007719174027442932,1.000622272491455,1.0000011920928955,0.0,1.0,0.6108194589614868,-0.5937484502792358,0.0033433756325393915,0.0033333301544189453,0.0,0.9999973773956299,1.000622272491455,1.0000011920928955,0.0,0.0,0.0,0.0,0.2658117413520813,0.27287888526916504,3.7602503299713135,0.17675811052322388,-3.6631672382354736,-0.10366474837064743,0.0,0.0,0.0,0.0,1.000622272491455,1.0000011920928955,0.026568368077278137,0.0012489131186157465,-0.026559550315141678,-0.0010724854655563831,0.0,0.0,0.0,0.0,0.0,0.0,0.5999999642372131,0.9987263083457947,0.0
3.355788230895996,28.168628692626953,57.486785888671875,0.2656933069229126,-0.2586287558078766,0.012121632695198059,-0.0024189800024032593,1.0006132125854492,1.0000011920928955,0.0,1.0,0.6108194589614868,-0.5937484502792358,0.0033432836644351482,0.0033333301544189453,0.0,0.9999973773956299,1.0006132125854492,1.0000011920928955,0.0,0.0,0.0,0.0,0.2658067047595978,0.25863978266716003,3.7605278491973877,0.17156530916690826,-3.8662166595458984,-0.036161117255687714,0.0,0.0,0.0,0.0,1.0006132125854492,1.0000011920928955,0.026569310575723648,0.00121217907872051,-0.02656049095094204,-0.0010357582941651344,0.0,0.0,0.0,0.0,0.0,0.0,0.5999999642372131,0.9987263083457947,0.0
3.359988212585449,28.4719295501709,57.486785888671875,0.2657022178173065,-0.2726733386516571,0.011757969856262207,-0.01059798151254654,1.0006041526794434,1.0000011920928955,0.0,1.0,0.6108194589614868,-0.5937484502792358,0.0033431919291615486,0.0033333301544189453,0.0,0.9999973773956299,1.0006041526794434,1.0000011920928955,0.0,0.0,0.0,0.0,0.26580166816711426,0.27287888526916504,3.760795831680298,0.16642437875270844,-3.6618688106536865,-0.14232565462589264,0.0,0.0,0.0,0.0,1.0006041526794434,1.0000011920928955,0.026570219546556473,0.0011757969623431563,-0.026561399921774864,-0.0009993825806304812,0.0,0.0,0.0,0.0,0.0,0.0,0.5999999642372131,0.9987263083457947,0.0
3.3641881942749023,28.775218963623047,57.486785888671875,0.2657112777233124,-0.2585888206958771,0.011398352682590485,-0.0051488131284713745,1.0005950927734375,1.0000011920928955,0.0,1.0,0.6108194589614868,-0.5937484502792358,0.0033431025221943855,0.0033333301544189453,0.0,0.9999973773956299,1.0005950927734375,1.0000011920928955,0.0,0.0,0.0,0.0,0.2657974660396576,0.25863978266716003,3.761043071746826,0.1613394021987915,-3.865619659423828,-0.07696914672851562,0.0,0.0,0.0,0.0,1.0005950927734375,1.0000011920928955,0.02657111920416355,0.0011398125207051635,-0.026562301442027092,-0.0009634038433432579,0.0,0.0,0.0,0.0,0.0,0.0,0.5999999642372131,0.9987263083457947,0.0
3.3683881759643555,29.078500747680664,57.486785888671875,0.2657206952571869,-0.2585580348968506,0.011041738092899323,-0.006513535976409912,1.0005862712860107,1.0000011920928955,0.0,1.0,0.6108194589614868,-0.5937484502792358,0.0033430117182433605,0.0033333301544189453,0.0,0.9999973773956299,1.0005862712860107,1.0000011920928955,0.0,0.0,0.0,0.0,0.26579418778419495,0.25863978266716003,3.7612693309783936,0.156295508146286,-3.865159511566162,-0.0973701924085617,0.0,0.0,0.0,0.0,1.0005862712860107,1.0000011920928955,0.02657206915318966,0.001104189082980156,-0.0265632513910532,-0.000927784654777497,0.0,0.0,0.0,0.0,0.0,0.0,0.5999999642372131,0.9987263083457947,0.0
3.3725881576538086,29.38177490234375,57.486785888671875,0.2657303512096405,-0.27598926424980164,0.010690204799175262,-0.007938235998153687,1.0005775690078735,1.0000011920928955,0.0,1.0,0.6108194589614868,-0.5937484502792358,0.0033429190516471863,0.0033333301544189453,0.0,0.9999973773956299,1.0005775690078735,1.0000011920928955,0.0,0.0,0.0,0.0,0.26579180359840393,0.27610307931900024,3.7614734172821045,0.15132221579551697,-3.62034273147583,-0.1041313037276268,0.0,0.0,0.0,0.0,1.0005775690078735,1.0000011920928955,0.026573020964860916,0.0010690265335142612,-0.026564201340079308,-0.0008926254813559353,0.0,0.0,0.0,0.0,0.0,0.0,0.5999999642372131,0.9987263083457947,0.0
3.3767881393432617,29.68503761291504,57.486785888671875,0.2657391428947449,-0.2620295584201813,0.010342620313167572,-0.002285413444042206,1.0005687475204468,1.0000011920928955,0.0,1.0,0.6108194589614868,-0.5937484502792358,0.003342824522405863,0.0033333301544189453,0.0,0.9999973773956299,1.0005687475204468,1.0000011920928955,0.0,0.0,0.0,0.0,0.2657891511917114,0.2620392143726349,3.7616727352142334,0.14640501141548157,-3.816082000732422,-0.033283792436122894,0.0,0.0,0.0,0.0,1.0005687475204468,1.0000011920928955,0.026573941111564636,0.0010342445457354188,-0.026565125212073326,-0.0008578463457524776,0.0,0.0,0.0,0.0,0.0,0.0,0.5999999642372131,0.9987263083457947,0.0
3.380988121032715,29.988296508789062,57.486785888671875,0.2657489776611328,-0.26201385259628296,0.00999826192855835,-0.0036683231592178345,1.0005602836608887,1.0000011920928955,0.0,1.0,0.6108194589614868,-0.5937484502792358,0.0033427351154386997,0.0033333301544189453,0.0,0.9999973773956299,1.0005602836608887,1.0000011920928955,0.0,0.0,0.0,0.0,0.26578807830810547,0.2620392143726349,3.7618424892425537,0.14153161644935608,-3.8158533573150635,-0.05342387035489082,0.0,0.0,0.0,0.0,1.0005602836608887,1.0000011920928955,0.026574885472655296,0.0009998073801398277,-0.026566071435809135,-0.0008234111592173576,0.0,0.0,0.0,0.0,0.0,0.0,0.5999999642372131,0.9987263083457947,0.0
3.385188102722168,30.291547775268555,57.486785888671875,0.265758216381073,-0.2758289873600006,0.00965791940689087,-0.012306958436965942,1.0005518198013306,1.0000011920928955,0.0,1.0,0.6108194589614868,-0.5937484502792358,0.0033426382578909397,0.0033333301544189453,0.0,0.9999973773956299,1.0005518198013306,1.0000011920928955,0.0,0.0,0.0,0.0,0.2657870054244995,0.27610307931900024,3.7620038986206055,0.13671500980854034,-3.6182403564453125,-0.1614389568567276,0.0,0.0,0.0,0.0,1.0005518198013306,1.0000011920928955,0.02657584846019745,0.0009657929767854512,-0.02656703069806099,-0.0007893978036008775,0.0,0.0,0.0,0.0,0.0,0.0,0.5999999642372131,0.9987263083457947,0.0
3.389388084411621,30.594785690307617,57.486785888671875,0.2657681405544281,-0.26196053624153137,0.009321138262748718,-0.006433822214603424,1.0005433559417725,1.0000011920928955,0.0,1.0,0.6108194589614868,-0.5937484502792358,0.00334254652261734,0.0033333301544189453,0.0,0.9999973773956299,1.0005433559417725,1.0000011920928955,0.0,0.0,0.0,0.0,0.26578712463378906,0.2620392143726349,3.7621405124664307,0.1319473832845688,-3.8150765895843506,-0.09369934350252151,0.0,0.0,0.0,0.0,1.0005433559417725,1.0000011920928955,0.026576796546578407,0.0009321121615357697,-0.026567980647087097,-0.0007557173375971615,0.0,0.0,0.0,0.0,0.0,0.0,0.5999999642372131,0.9987263083457947,0.0
3.393588066101074,30.89801597595215,57.486785888671875,0.26577699184417725,-0.26562365889549255,0.008987970650196075,-0.0009359344840049744,1.000535011291504,1.000001072883606,0.0,1.0,0.6108194589614868,-0.5937484502792358,0.003342448966577649,0.0033333301544189453,0.0,0.9999973773956299,1.000535011291504,1.000001072883606,0.0,0.0,0.0,0.0,0.26578670740127563,0.265625,3.762277841567993,0.1272316426038742,-3.7646868228912354,-0.013265002518892288,0.0,0.0,0.0,0.0,1.000535011291504,1.000001072883606,0.026577670127153397,0.000898818310815841,-0.026568850502371788,-0.0007224242435768247,0.0,0.0,0.0,0.0,0.0,0.0,0.5999999642372131,0.9987263083457947,0.0
3.3977880477905273,31.20123863220215,57.486785888671875,0.26578569412231445,-0.2656150162220001,0.008659496903419495,-0.002337843179702759,1.000526785850525,1.0000011920928955,0.0,1.0,0.6108194589614868,-0.5937484502792358,0.0033423586282879114,0.0033333301544189453,0.0,0.9999973773956299,1.000526785850525,1.0000011920928955,0.0,0.0,0.0,0.0,0.26578670740127563,0.265625,3.7624013423919678,0.1225818619132042,-3.7645645141601562,-0.03313426300883293,0.0,0.0,0.0,0.0,1.000526785850525,1.0000011920928955,0.026578588411211967,0.0008659161976538599,-0.026569772511720657,-0.0006895213737152517,0.0,0.0,0.0,0.0,0.0,0.0,0.5999999642372131,0.9987263083457947,0.0
3.4019880294799805,31.50445556640625,57.486785888671875,0.2657949924468994,-0.26559898257255554,0.008332222700119019,-0.003739684820175171,1.0005186796188354,1.000001072883606,0.0,1.0,0.6108194589614868,-0.5937484502792358,0.0033422689884901047,0.0033333301544189453,0.0,0.9999973773956299,1.0005186796188354,1.000001072883606,0.0,0.0,0.0,0.0,0.2657877206802368,0.265625,3.7625043392181396,0.11794818937778473,-3.7643370628356934,-0.05300257354974747,0.0,0.0,0.0,0.0,1.0005186796188354,1.000001072883606,0.026579512283205986,0.0008332175202667713,-0.026570696383714676,-0.000656821473967284,0.0,0.0,0.0,0.0,0.0,0.0,0.5999999642372131,0.9987263083457947,0.0
3.4061880111694336,31.807661056518555,57.486785888671875,0.2658040523529053,-0.2655755281448364,0.008010543882846832,-0.005141422152519226,1.0005106925964355,1.000001072883606,0.0,1.0,0.6108194589614868,-0.5937484502792358,0.0033421760890632868,0.0033333301544189453,0.0,0.9999973773956299,1.0005106925964355,1.000001072883606,0.0,0.0,0.0,0.0,0.2657890021800995,0.265625,3.7625961303710938,0.11339354515075684,-3.764004945755005,-0.07286942005157471,0.0,0.0,0.0,0.0,1.0005106925964355,1.000001072883606,0.02658042125403881,0.0008010791498236358,-0.026571601629257202,-0.000624681415501982,0.0,0.0,0.0,0.0,0.0,0.0,0.5999999642372131,0.9987263083457947,0.0
3.4103879928588867,32.11085510253906,57.486785888671875,0.26581263542175293,-0.26554468274116516,0.007691621780395508,-0.00654301792383194,1.0005027055740356,1.000001072883606,0.0,1.0,0.6108194589614868,-0.5937484502792358,0.0033420855179429054,0.0033333301544189453,0.0,0.9999973773956299,1.0005027055740356,1.000001072883606,0.0,0.0,0.0,0.0,0.26579028367996216,0.265625,3.762681245803833,0.10887784510850906,-3.7635676860809326,-0.09273421764373779,0.0,0.0,0.0,0.0,1.0005027055740356,1.000001072883606,0.026581281796097755,0.0007691809441894293,-0.026572465896606445,-0.000592781463637948,0.0,0.0,0.0,0.0,0.0,0.0,0.5999999642372131,0.9987263083457947,0.0
3.41458797454834,32.41404724121094,57.486785888671875,0.2658224403858185,-0.26550647616386414,0.007376328110694885,-0.00794442743062973,1.0004949569702148,1.0000011920928955,0.0,1.0,0.6108194589614868,-0.5937484502792358,0.0033419972751289606,0.0033333301544189453,0.0,0.9999973773956299,1.0004949569702148,1.0000011920928955,0.0,0.0,0.0,0.0,0.26579323410987854,0.265625,3.7627367973327637,0.10441246628761292,-3.763026237487793,-0.11259643733501434,0.0,0.0,0.0,0.0,1.0004949569702148,1.0000011920928955,0.026582254096865654,0.0007376529392786324,-0.026573438197374344,-0.0005612496170215309,0.0,0.0,0.0,0.0,0.0,0.0,0.5999999642372131,0.9987263083457947,0.0
3.418787956237793,32.717227935791016,57.486785888671875,0.26583123207092285,-0.2654608488082886,0.007064469158649445,-0.00934562087059021,1.0004870891571045,1.0000011920928955,0.0,1.0,0.6108194589614868,-0.5937484502792358,0.003341902047395706,0.0033333301544189453,0.0,0.9999973773956299,1.0004870891571045,1.0000011920928955,0.0,0.0,0.0,0.0,0.26579561829566956,0.265625,3.7627933025360107,0.09999628365039825,-3.7623794078826904,-0.13245560228824615,0.0,0.0,0.0,0.0,1.0004870891571045,1.0000011920928955,0.02658310905098915,0.0007064248784445226,-0.026574289426207542,-0.0005300187040120363,0.0,0.0,0.0,0.0,0.0,0.0,0.5999999642372131,0.9987263083457947,0.0
3.422987937927246,33.02040481567383,57.486785888671875,0.26584017276763916,-0.26936018466949463,0.006756700575351715,-0.004007555544376373,1.0004793405532837,1.0000011920928955,0.0,1.0,0.6108194589614868,-0.5937484502792358,0.003341813338920474,0.0033333301544189453,0.0,0.9999973773956299,1.0004793405532837,1.0000011920928955,0.0,0.0,0.0,0.0,0.2657986283302307,0.26938968896865845,3.7628352642059326,0.09563769400119781,-3.7116880416870117,-0.05522269383072853,0.0,0.0,0.0,0.0,1.0004793405532837,1.0000011920928955,0.02658403478562832,0.0006756532820872962,-0.02657521702349186,-0.0004992426838725805,0.0,0.0,0.0,0.0,0.0,0.0,0.5999999642372131,0.9987263083457947,0.0
3.427187919616699,33.323570251464844,57.486785888671875,0.2658488154411316,-0.2733231484889984,0.006450988352298737,0.0012889057397842407,1.000471830368042,1.0000011920928955,0.0,1.0,0.6108194589614868,-0.5937484502792358,0.0033417223021388054,0.0033333301544189453,0.0,0.9999973773956299,1.000471830368042,1.0000011920928955,0.0,0.0,0.0,0.0,0.26580163836479187,0.2733258605003357,3.762871503829956,0.09130853414535522,-3.658600330352783,0.017252828925848007,0.0,0.0,0.0,0.0,1.000471830368042,1.0000011920928955,0.026584893465042114,0.0006451027584262192,-0.026576077565550804,-0.00046868823119439185,0.0,0.0,0.0,0.0,0.0,0.0,0.5999999642372131,0.9987263083457947,0.0
3.4313879013061523,33.62672424316406,57.486785888671875,0.26585760712623596,-0.2599323093891144,0.006149902939796448,0.007892869412899017,1.0004643201828003,1.000001072883606,0.0,1.0,0.6108194589614868,-0.5937484502792358,0.0033416347578167915,0.0033333301544189453,0.0,0.9999973773956299,1.0004643201828003,1.000001072883606,0.0,0.0,0.0,0.0,0.26580533385276794,0.26005181670188904,3.762892007827759,0.087044358253479,-3.8436200618743896,0.11671187728643417,0.0,0.0,0.0,0.0,1.0004643201828003,1.000001072883606,0.02658577635884285,0.0006149824475869536,-0.02657695673406124,-0.00043856303091160953,0.0,0.0,0.0,0.0,0.0,0.0,0.5999999642372131,0.9987263083457947,0.0
3.4355878829956055,33.929874420166016,57.486785888671875,0.2658660113811493,-0.25591182708740234,0.005850732326507568,-0.00015468895435333252,1.0004569292068481,1.0000011920928955,0.0,1.0,0.6108194589614868,-0.5937484502792358,0.0033415460493415594,0.0033333301544189453,0.0,0.9999973773956299,1.0004569292068481,1.0000011920928955,0.0,0.0,0.0,0.0,0.26580891013145447,0.25591155886650085,3.762908935546875,0.0828077644109726,-3.9076039791107178,-0.0023620976135134697,0.0,0.0,0.0,0.0,1.0004569292068481,1.0000011920928955,0.026586631312966347,0.0005850758752785623,-0.026577813550829887,-0.00040865145274437964,0.0,0.0,0.0,0.0,0.0,0.0,0.5999999642372131,0.9987263083457947,0.0
3.4397878646850586,34.23301696777344,57.486785888671875,0.2658748924732208,-0.26921558380126953,0.005556292831897736,-0.009692825376987457,1.000449538230896,1.0000011920928955,0.0,1.0,0.6108194589614868,-0.5937484502792358,0.003341460134834051,0.0033333301544189453,0.0,0.9999973773956299,1.000449538230896,1.0000011920928955,0.0,0.0,0.0,0.0,0.2658134400844574,0.26938968896865845,3.762906551361084,0.07863777875900269,-3.709695339202881,-0.13356366753578186,0.0,0.0,0.0,0.0,1.000449538230896,1.0000011920928955,0.02658749558031559,0.0005556177347898483,-0.02657867781817913,-0.0003791876370087266,0.0,0.0,0.0,0.0,0.0,0.0,0.5999999642372131,0.9987263083457947,0.0
3.4439878463745117,34.53615188598633,57.486785888671875,0.2658833861351013,-0.2691606283187866,0.0052643269300460815,-0.011113584041595459,1.0004422664642334,1.000001072883606,0.0,1.0,0.6108194589614868,-0.5937484502792358,0.0033413716591894627,0.0033333301544189453,0.0,0.9999973773956299,1.0004422664642334,1.000001072883606,0.0,0.0,0.0,0.0,0.26581794023513794,0.26938968896865845,3.76289963722229,0.07450313866138458,-3.7089385986328125,-0.15314127504825592,0.0,0.0,0.0,0.0,1.0004422664642334,1.000001072883606,0.026588333770632744,0.000526436953805387,-0.026579514145851135,-0.0003500010643620044,0.0,0.0,0.0,0.0,0.0,0.0,0.5999999642372131,0.9987263083457947,0.0
3.448187828063965,34.83927917480469,57.486785888671875,0.2658916711807251,-0.2690982520580292,0.004974305629730225,-0.012533999979496002,1.0004349946975708,1.0000011920928955,0.0,1.0,0.6108194589614868,-0.5937484502792358,0.0033412862103432417,0.0033333301544189453,0.0,0.9999973773956299,1.0004349946975708,1.0000011920928955,0.0,0.0,0.0,0.0,0.26582255959510803,0.26938968896865845,3.762885808944702,0.07039614766836166,-3.7080788612365723,-0.17271409928798676,0.0,0.0,0.0,0.0,1.0004349946975708,1.0000011920928955,0.02658918872475624,0.0004974377225153148,-0.026580369099974632,-0.0003209953138139099,0.0,0.0,0.0,0.0,0.0,0.0,0.5999999642372131,0.9987263083457947,0.0
3.452387809753418,35.14239501953125,57.486785888671875,0.2658998370170593,-0.26005008816719055,0.004689641296863556,0.0010314732789993286,1.0004278421401978,1.000001072883606,0.0,1.0,0.6108194589614868,-0.5937484502792358,0.0033412014599889517,0.0033333301544189453,0.0,0.9999973773956299,1.0004278421401978,1.000001072883606,0.0,0.0,0.0,0.0,0.2658274471759796,0.26005181670188904,3.7628631591796875,0.06636519730091095,-3.8453614711761475,0.015252468176186085,0.0,0.0,0.0,0.0,1.0004278421401978,1.000001072883606,0.02658998779952526,0.0004689473134931177,-0.026581168174743652,-0.0002924987056758255,0.0,0.0,0.0,0.0,0.0,0.0,0.5999999642372131,0.9987263083457947,0.0
3.456587791442871,35.44550323486328,57.486785888671875,0.26590827107429504,-0.25581860542297363,0.004407763481140137,-0.006907209753990173,1.0004209280014038,1.000001072883606,0.0,1.0,0.6108194589614868,-0.5937484502792358,0.0033411181066185236,0.0033333301544189453,0.0,0.9999973773956299,1.0004209280014038,1.000001072883606,0.0,0.0,0.0,0.0,0.26583293080329895,0.25591155886650085,3.7628276348114014,0.06237353757023811,-3.9061808586120605,-0.10546847432851791,0.0,0.0,0.0,0.0,1.0004209280014038,1.000001072883606,0.026590848341584206,0.0004407473315950483,-0.026582030579447746,-0.00026429121498949826,0.0,0.0,0.0,0.0,0.0,0.0,0.5999999642372131,0.9987263083457947,0.0
3.460787773132324,35.74860382080078,57.486785888671875,0.265916109085083,-0.26004648208618164,0.0041280388832092285,-0.0017135515809059143,1.0004138946533203,1.000001072883606,0.0,1.0,0.6108194589614868,-0.5937484502792358,0.0033410333562642336,0.0033333301544189453,0.0,0.9999973773956299,1.0004138946533203,1.000001072883606,0.0,0.0,0.0,0.0,0.2658381164073944,0.26005181670188904,3.762791156768799,0.05841291323304176,-3.8453080654144287,-0.025338266044855118,0.0,0.0,0.0,0.0,1.0004138946533203,1.000001072883606,0.026591598987579346,0.00041279831202700734,-0.026582781225442886,-0.00023633570526726544,0.0,0.0,0.0,0.0,0.0,0.0,0.5999999642372131,0.9987263083457947,0.0
3.4649877548217773,36.051700592041016,57.486785888671875,0.2659241557121277,-0.26003381609916687,0.0038509592413902283,-0.0030860155820846558,1.000407099723816,1.0000011920928955,0.0,1.0,0.6108194589614868,-0.5937484502792358,0.003340953029692173,0.0033333301544189453,0.0,0.9999973773956299,1.000407099723816,1.0000011920928955,0.0,0.0,0.0,0.0,0.26584383845329285,0.26005181670188904,3.7627434730529785,0.05448983982205391,-3.845120906829834,-0.045632895082235336,0.0,0.0,0.0,0.0,1.000407099723816,1.0000011920928955,0.02659240923821926,0.0003851082001347095,-0.026583587750792503,-0.00020863793906755745,0.0,0.0,0.0,0.0,0.0,0.0,0.5999999642372131,0.9987263083457947,0.0
3.4691877365112305,36.35478591918945,57.486785888671875,0.26593220233917236,-0.26435062289237976,0.003577515482902527,0.0020399168133735657,1.000400185585022,1.0000011920928955,0.0,1.0,0.6108194589614868,-0.5937484502792358,0.003340871073305607,0.0033333301544189453,0.0,0.9999973773956299,1.000400185585022,1.0000011920928955,0.0,0.0,0.0,0.0,0.26584988832473755,0.26435819268226624,3.762686252593994,0.05061839520931244,-3.7826380729675293,0.029189497232437134,0.0,0.0,0.0,0.0,1.000400185585022,1.0000011920928955,0.02659318409860134,0.0003577827592380345,-0.026584366336464882,-0.00018130482931155711,0.0,0.0,0.0,0.0,0.0,0.0,0.5999999642372131,0.9987263083457947,0.0
3.4733877182006836,36.657867431640625,57.486785888671875,0.26593995094299316,-0.26435771584510803,0.0033080503344535828,0.000644683837890625,1.0003933906555176,1.0000011920928955,0.0,1.0,0.6108194589614868,-0.5937484502792358,0.0033407898154109716,0.0033333301544189453,0.0,0.9999973773956299,1.0003933906555176,1.0000011920928955,0.0,0.0,0.0,0.0,0.26585590839385986,0.26435819268226624,3.762624740600586,0.04680364578962326,-3.7827396392822266,0.009224890731275082,0.0,0.0,0.0,0.0,1.0003933906555176,1.0000011920928955,0.0265940111130476,0.00033078048727475107,-0.02658519148826599,-0.00015429389895871282,0.0,0.0,0.0,0.0,0.0,0.0,0.5999999642372131,0.9987263083457947,0.0
3.4775876998901367,36.9609375,57.486785888671875,0.2659478783607483,-0.26435744762420654,0.0030399486422538757,-0.0007505565881729126,1.0003868341445923,1.0000011920928955,0.0,1.0,0.6108194589614868,-0.5937484502792358,0.0033407106529921293,0.0033333301544189453,0.0,0.9999973773956299,1.0003868341445923,1.0000011920928955,0.0,0.0,0.0,0.0,0.2658624053001404,0.26435819268226624,3.7625532150268555,0.043008286505937576,-3.782735586166382,-0.010739828459918499,0.0,0.0,0.0,0.0,1.0003868341445923,1.0000011920928955,0.02659475803375244,0.0003039887815248221,-0.026585936546325684,-0.00012749414599966258,0.0,0.0,0.0,0.0,0.0,0.0,0.5999999642372131,0.9987263083457947,0.0
3.48178768157959,37.26400375366211,57.486785888671875,0.26595500111579895,-0.2643497884273529,0.00277545303106308,-0.0021457895636558533,1.0003801584243774,1.0000011920928955,0.0,1.0,0.6108194589614868,-0.5937484502792358,0.003340630792081356,0.0033333301544189453,0.0,0.9999973773956299,1.0003801584243774,1.0000011920928955,0.0,0.0,0.0,0.0,0.2658683955669403,0.26435819268226624,3.762484550476074,0.039264556020498276,-3.782626152038574,-0.030704474076628685,0.0,0.0,0.0,0.0,1.0003801584243774,1.0000011920928955,0.026595506817102432,0.00027755447081290185,-0.026586685329675674,-0.00010105143155669793,0.0,0.0,0.0,0.0,0.0,0.0,0.5999999642372131,0.9987263083457947,0.0
3.485987663269043,37.56706237792969,57.486785888671875,0.26596325635910034,-0.26880770921707153,0.002514071762561798,0.0028643757104873657,1.0003737211227417,1.0000011920928955,0.0,1.0,0.6108194589614868,-0.5937484502792358,0.0033405565191060305,0.0033333301544189453,0.0,0.9999973773956299,1.0003737211227417,1.0000011920928955,0.0,0.0,0.0,0.0,0.26587578654289246,0.26882266998291016,3.762392044067383,0.03556474670767784,-3.719717502593994,0.03963669016957283,0.0,0.0,0.0,0.0,1.0003737211227417,1.0000011920928955,0.026596317067742348,0.00025139996432699263,-0.02658749558031559,-7.488732080673799e-05,0.0,0.0,0.0,0.0,0.0,0.0,0.5999999642372131,0.9987263083457947,0.0
3.490187644958496,37.8701171875,57.486785888671875,0.26597070693969727,-0.26881909370422363,0.0022544190287590027,0.0014455914497375488,1.000367283821106,1.0000011920928955,0.0,1.0,0.6108194589614868,-0.5937484502792358,0.0033404752612113953,0.0033333301544189453,0.0,0.9999973773956299,1.000367283821106,1.0000011920928955,0.0,0.0,0.0,0.0,0.26588258147239685,0.26882266998291016,3.7623047828674316,0.03189005330204964,-3.7198750972747803,0.02000383473932743,0.0,0.0,0.0,0.0,1.000367283821106,1.0000011920928955,0.02659706585109234,0.00022548621927853674,-0.02658824436366558,-4.896443715551868e-05,0.0,0.0,0.0,0.0,0.0,0.0,0.5999999642372131,0.9987263083457947,0.0
3.494387626647949,38.173160552978516,57.486785888671875,0.2659783363342285,-0.2597423791885376,0.0019989609718322754,-0.012688711285591125,1.0003608465194702,1.0000011920928955,0.0,1.0,0.6108194589614868,-0.5937484502792358,0.003340400056913495,0.0033333301544189453,0.0,0.9999973773956299,1.0003608465194702,1.0000011920928955,0.0,0.0,0.0,0.0,0.26588988304138184,0.26005181670188904,3.762206554412842,0.028274811804294586,-3.8408114910125732,-0.18762797117233276,0.0,0.0,0.0,0.0,1.0003608465194702,1.0000011920928955,0.026597807183861732,0.00019992080342490226,-0.026588985696434975,-2.3389642592519522e-05,0.0,0.0,0.0,0.0,0.0,0.0,0.5999999642372131,0.9987263083457947,0.0
3.4985876083374023,38.476200103759766,57.486785888671875,0.26598605513572693,-0.2688193917274475,0.0017452389001846313,-0.0013920068740844727,1.000354528427124,1.0000011920928955,0.0,1.0,0.6108194589614868,-0.5937484502792358,0.0033403225243091583,0.0033333301544189453,0.0,0.9999973773956299,1.000354528427124,1.0000011920928955,0.0,0.0,0.0,0.0,0.2658975124359131,0.26882266998291016,3.7620999813079834,0.024684634059667587,-3.719878911972046,-0.019262442365288734,0.0,0.0,0.0,0.0,1.000354528427124,1.0000011920928955,0.02659858576953411,0.00017453274631407112,-0.026589764282107353,2.0086069980607135e-06,0.0,0.0,0.0,0.0,0.0,0.0,0.5999999642372131,0.9987263083457947,0.0
3.5027875900268555,38.779232025146484,57.486785888671875,0.2659939229488373,-0.2688082754611969,0.0014956295490264893,-0.0028107762336730957,1.0003482103347778,1.000001072883606,0.0,1.0,0.6108194589614868,-0.5937484502792358,0.0033402456901967525,0.0033333301544189453,0.0,0.9999973773956299,1.0003482103347778,1.000001072883606,0.0,0.0,0.0,0.0,0.2659055292606354,0.26882266998291016,3.761984348297119,0.021152814850211143,-3.7197251319885254,-0.03889506682753563,0.0,0.0,0.0,0.0,1.0003482103347778,1.000001072883606,0.026599382981657982,0.00014954086509533226,-0.026590559631586075,2.7011277779820375e-05,0.0,0.0,0.0,0.0,0.0,0.0,0.5999999642372131,0.9987263083457947,0.0
3.5069875717163086,39.08225631713867,57.486785888671875,0.2660011649131775,-0.268789678812027,0.0012477189302444458,-0.004229456186294556,1.0003421306610107,1.000001072883606,0.0,1.0,0.6108194589614868,-0.5937484502792358,0.003340167226269841,0.0033333301544189453,0.0,0.9999973773956299,1.0003421306610107,1.000001072883606,0.0,0.0,0.0,0.0,0.26591312885284424,0.26882266998291016,3.761871576309204,0.01764560677111149,-3.719468116760254,-0.058526527136564255,0.0,0.0,0.0,0.0,1.0003421306610107,1.000001072883606,0.026600083336234093,0.0001247551554115489,-0.026591259986162186,5.180678635952063e-05,0.0,0.0,0.0,0.0,0.0,0.0,0.5999999642372131,0.9987263083457947,0.0
3.5111875534057617,39.38527297973633,57.486785888671875,0.26600825786590576,-0.26876360177993774,0.0010024607181549072,-0.005648031830787659,1.000335931777954,1.000001072883606,0.0,1.0,0.6108194589614868,-0.5937484502792358,0.003340093418955803,0.0033333301544189453,0.0,0.9999973773956299,1.000335931777954,1.000001072883606,0.0,0.0,0.0,0.0,0.2659207880496979,0.26882266998291016,3.7617549896240234,0.014176267199218273,-3.7191073894500732,-0.07815659791231155,0.0,0.0,0.0,0.0,1.000335931777954,1.000001072883606,0.026600828394293785,0.00010025953088188544,-0.026592005044221878,7.631305925315246e-05,0.0,0.0,0.0,0.0,0.0,0.0,0.5999999642372131,0.9987263083457947,0.0
3.515387535095215,39.68828582763672,57.486785888671875,0.2660152018070221,-0.25625860691070557,0.000760391354560852,0.0023464933037757874,1.0003299713134766,1.000001072883606,0.0,1.0,0.6108194589614868,-0.5937484502792358,0.0033400198444724083,0.0033333301544189453,0.0,0.9999973773956299,1.0003299713134766,1.000001072883606,0.0,0.0,0.0,0.0,0.2659285366535187,0.25626906752586365,3.761634111404419,0.010752469301223755,-3.901989698410034,0.035729531198740005,0.0,0.0,0.0,0.0,1.0003299713134766,1.000001072883606,0.026601528748869896,7.603018457302824e-05,-0.02659270539879799,0.00010055275924969465,0.0,0.0,0.0,0.0,0.0,0.0,0.5999999642372131,0.9987263083457947,0.0
3.519587516784668,39.99129104614258,57.486785888671875,0.2660221755504608,-0.2562674283981323,0.0005204975605010986,0.0009939596056938171,1.000324010848999,1.0000011920928955,0.0,1.0,0.6108194589614868,-0.5937484502792358,0.0033399483654648066,0.0033333301544189453,0.0,0.9999973773956299,1.000324010848999,1.0000011920928955,0.0,0.0,0.0,0.0,0.2659365236759186,0.25626906752586365,3.761507034301758,0.007359569892287254,-3.9021241664886475,0.015134691260755062,0.0,0.0,0.0,0.0,1.000324010848999,1.0000011920928955,0.0266022440046072,5.204689296078868e-05,-0.026593416929244995,0.0001245468738488853,0.0,0.0,0.0,0.0,0.0,0.0,0.5999999642372131,0.9987263083457947,0.0
3.523787498474121,40.294288635253906,57.486785888671875,0.26602903008461,-0.25626909732818604,0.00028432905673980713,-0.00035860389471054077,1.0003180503845215,1.0000011920928955,0.0,1.0,0.6108194589614868,-0.5937484502792358,0.0033398771192878485,0.0033333301544189453,0.0,0.9999973773956299,1.0003180503845215,1.0000011920928955,0.0,0.0,0.0,0.0,0.26594460010528564,0.25626906752586365,3.761375665664673,0.004020069260150194,-3.9021494388580322,-0.00546036334708333,0.0,0.0,0.0,0.0,1.0003180503845215,1.0000011920928955,0.026602912694215775,2.8396038032951765e-05,-0.02659408561885357,0.00014820820069871843,0.0,0.0,0.0,0.0,0.0,0.0,0.5999999642372131,0.9987263083457947,0.0
3.527987480163574,40.5972785949707,57.486785888671875,0.2660365104675293,-0.2562636435031891,5.005300045013428e-05,-0.001711137592792511,1.000312328338623,1.0000011920928955,0.0,1.0,0.6108194589614868,-0.5937484502792358,0.0033398072700947523,0.0033333301544189453,0.0,0.9999973773956299,1.000312328338623,1.0000011920928955,0.0,0.0,0.0,0.0,0.2659534513950348,0.25626906752586365,3.76123046875,0.0007077027694322169,-3.902066469192505,-0.026055021211504936,0.0,0.0,0.0,0.0,1.000312328338623,1.0000011920928955,0.026603657752275467,5.007697836845182e-06,-0.02659483067691326,0.0001716082770144567,0.0,0.0,0.0,0.0,0.0,0.0,0.5999999642372131,0.9987263083457947,0.0
3.5321874618530273,40.90026092529297,57.486785888671875,0.2660433053970337,-0.2781951427459717,-0.00018149614334106445,-0.00046774744987487793,1.000306487083435,1.0000011920928955,0.0,1.0,0.6108194589614868,-0.5937484502792358,0.003339733462780714,0.0033333301544189453,0.0,0.9999973773956299,1.000306487083435,1.0000011920928955,0.0,0.0,0.0,0.0,0.2659618556499481,0.27819520235061646,3.761089324951172,-0.0025659562088549137,-3.594597339630127,-0.006043755915015936,0.0,0.0,0.0,0.0,1.000306487083435,1.0000011920928955,0.02660432830452919,-1.8147560695069842e-05,-0.026595501229166985,0.00019477459136396646,0.0,0.0,0.0,0.0,0.0,0.0,0.5999999642372131,0.9987263083457947,0.0
3.5363874435424805,41.2032356262207,57.486785888671875,0.2660496234893799,-0.26597005128860474,-0.0004114806652069092,0.007802709937095642,1.0003007650375366,1.0000011920928955,0.0,1.0,0.6108194589614868,-0.5937484502792358,0.0033396645449101925,0.0033333301544189453,0.0,0.9999973773956299,1.0003007650375366,1.0000011920928955,0.0,0.0,0.0,0.0,0.2659699320793152,0.2660841643810272,3.7609498500823975,-0.005816700868308544,-3.7565977573394775,0.11020658910274506,0.0,0.0,0.0,0.0,1.0003007650375366,1.0000011920928955,0.026604969054460526,-4.1136794607155025e-05,-0.02659614197909832,0.00021777469373773783,0.0,0.0,0.0,0.0,0.0,0.0,0.5999999642372131,0.9987263083457947,0.0
3.5405874252319336,41.50620651245117,57.486785888671875,0.26605650782585144,-0.26600754261016846,-0.0006375312805175781,0.006398841738700867,1.0002951622009277,1.0000011920928955,0.0,1.0,0.6108194589614868,-0.5937484502792358,0.003339598188176751,0.0033333301544189453,0.0,0.9999973773956299,1.0002951622009277,1.0000011920928955,0.0,0.0,0.0,0.0,0.26597875356674194,0.2660841643810272,3.7607975006103516,-0.009011619724333286,-3.757127046585083,0.09037818759679794,0.0,0.0,0.0,0.0,1.0002951622009277,1.0000011920928955,0.026605624705553055,-6.376826058840379e-05,-0.02659679763019085,0.00024041745928116143,0.0,0.0,0.0,0.0,0.0,0.0,0.5999999642372131,0.9987263083457947,0.0
3.5447874069213867,41.80916976928711,57.486785888671875,0.2660626769065857,-0.26603758335113525,-0.0008619129657745361,0.004994824528694153,1.0002895593643188,1.000001072883606,0.0,1.0,0.6108194589614868,-0.5937484502792358,0.003339529037475586,0.0033333301544189453,0.0,0.9999973773956299,1.0002895593643188,1.000001072883606,0.0,0.0,0.0,0.0,0.2659870386123657,0.2660841643810272,3.760650157928467,-0.012182830832898617,-3.757551431655884,0.07054756581783295,0.0,0.0,0.0,0.0,1.0002895593643188,1.000001072883606,0.026606285944581032,-8.617762796347961e-05,-0.026597455143928528,0.000262838409980759,0.0,0.0,0.0,0.0,0.0,0.0,0.5999999642372131,0.9987263083457947,0.0
3.54898738861084,42.11212921142578,57.486785888671875,0.2660699486732483,-0.2660602331161499,-0.0010832399129867554,0.0035906583070755005,1.00028395652771,1.0000011920928955,0.0,1.0,0.6108194589614868,-0.5937484502792358,0.0033394647762179375,0.0033333301544189453,0.0,0.9999973773956299,1.00028395652771,1.0000011920928955,0.0,0.0,0.0,0.0,0.2659966051578522,0.2660841643810272,3.7604830265045166,-0.015309925191104412,-3.757871627807617,0.05071498081088066,0.0,0.0,0.0,0.0,1.00028395652771,1.0000011920928955,0.026606982573866844,-0.00010832452971953899,-0.02659815549850464,0.0002849976299330592,0.0,0.0,0.0,0.0,0.0,0.0,0.5999999642372131,0.9987263083457947,0.0
3.553187370300293,42.41508102416992,57.486785888671875,0.2660754323005676,-0.2660754919052124,-0.0013025850057601929,0.0021863728761672974,1.0002785921096802,1.0000011920928955,0.0,1.0,0.6108194589614868,-0.5937484502792358,0.0033393939957022667,0.0033333301544189453,0.0,0.9999973773956299,1.0002785921096802,1.0000011920928955,0.0,0.0,0.0,0.0,0.2660045325756073,0.2660841643810272,3.7603366374969482,-0.01840902492403984,-3.758087158203125,0.030880460515618324,0.0,0.0,0.0,0.0,1.0002785921096802,1.0000011920928955,0.02660754881799221,-0.0001302630262216553,-0.026598719879984856,0.00030694689485244453,0.0,0.0,0.0,0.0,0.0,0.0,0.5999999642372131,0.9987263083457947,0.0
3.557387351989746,42.71803283691406,57.486785888671875,0.2660827338695526,-0.26608332991600037,-0.0015198886394500732,0.0007820278406143188,1.0002731084823608,1.0000011920928955,0.0,1.0,0.6108194589614868,-0.5937484502792358,0.003339334623888135,0.0033333301544189453,0.0,0.9999973773956299,1.0002731084823608,1.0000011920928955,0.0,0.0,0.0,0.0,0.26601442694664,0.2660841643810272,3.760160207748413,-0.021478326991200447,-3.758197546005249,0.011045468971133232,0.0,0.0,0.0,0.0,1.0002731084823608,1.0000011920928955,0.026608243584632874,-0.000151986358105205,-0.02659941278398037,0.00032868285779841244,0.0,0.0,0.0,0.0,0.0,0.0,0.5999999642372131,0.9987263083457947,0.0
3.561587333679199,43.020973205566406,57.486785888671875,0.26608866453170776,-0.2660837173461914,-0.0017337054014205933,-0.0006223171949386597,1.000267744064331,1.000001072883606,0.0,1.0,0.6108194589614868,-0.5937484502792358,0.0033392636105418205,0.0033333301544189453,0.0,0.9999973773956299,1.000267744064331,1.000001072883606,0.0,0.0,0.0,0.0,0.26602306962013245,0.2660841643810272,3.7599990367889404,-0.024498477578163147,-3.7582032680511475,-0.008789680898189545,0.0,0.0,0.0,0.0,1.000267744064331,1.000001072883606,0.02660887874662876,-0.000173380205524154,-0.026600046083331108,0.000350088783307001,0.0,0.0,0.0,0.0,0.0,0.0,0.5999999642372131,0.9987263083457947,0.0
3.5657873153686523,43.323909759521484,57.486785888671875,0.2660949230194092,-0.2660767436027527,-0.0019461363554000854,-0.002026662230491638,1.0002624988555908,1.0000011920928955,0.0,1.0,0.6108194589614868,-0.5937484502792358,0.003339202608913183,0.0033333301544189453,0.0,0.9999973773956299,1.0002624988555908,1.0000011920928955,0.0,0.0,0.0,0.0,0.2660321891307831,0.2660841643810272,3.7598297595977783,-0.027498338371515274,-3.7581048011779785,-0.028624724596738815,0.0,0.0,0.0,0.0,1.0002624988555908,1.0000011920928955,0.02660951018333435,-0.00019459154282230884,-0.026600677520036697,0.00037131228600628674,0.0,0.0,0.0,0.0,0.0,0.0,0.5999999642372131,0.9987263083457947,0.0
3.5699872970581055,43.62683868408203,57.486785888671875,0.26610067486763,-0.25426554679870605,-0.002156302332878113,0.006814867258071899,1.0002572536468506,1.0000011920928955,0.0,1.0,0.6108194589614868,-0.5937484502792358,0.0033391383476555347,0.0033333301544189453,0.0,0.9999973773956299,1.0002572536468506,1.0000011920928955,0.0,0.0,0.0,0.0,0.26604095101356506,0.2543565630912781,3.7596633434295654,-0.03046599216759205,-3.930081844329834,0.10533467680215836,0.0,0.0,0.0,0.0,1.0002572536468506,1.0000011920928955,0.02661006711423397,-0.00021563538757618517,-0.026601234450936317,0.00039236756856553257,0.0,0.0,0.0,0.0,0.0,0.0,0.5999999642372131,0.9987263083457947,0.0
3.5741872787475586,43.92975997924805,57.486785888671875,0.2661072611808777,-0.26604053378105164,-0.0023637115955352783,-0.0048351287841796875,1.0002521276474,1.0000011920928955,0.0,1.0,0.6108194589614868,-0.5937484502792358,0.0033390787430107594,0.0033333301544189453,0.0,0.9999973773956299,1.0002521276474,1.0000011920928955,0.0,0.0,0.0,0.0,0.26605069637298584,0.2660841643810272,3.759481430053711,-0.03339386358857155,-3.7575931549072266,-0.06829198449850082,0.0,0.0,0.0,0.0,1.0002521276474,1.0000011920928955,0.026610732078552246,-0.0002363875537412241,-0.026601899415254593,0.00041313274414278567,0.0,0.0,0.0,0.0,0.0,0.0,0.5999999642372131,0.9987263083457947,0.0
3.5783872604370117,44.2326774597168,57.486785888671875,0.26611313223838806,-0.2543233036994934,-0.0025688260793685913,0.0041305795311927795,1.0002470016479492,1.0000011920928955,0.0,1.0,0.6108194589614868,-0.5937484502792358,0.0033390133175998926,0.0033333301544189453,0.0,0.9999973773956299,1.0002470016479492,1.0000011920928955,0.0,0.0,0.0,0.0,0.2660598158836365,0.2543565630912781,3.7593064308166504,-0.0362890288233757,-3.9309747219085693,0.06384468823671341,0.0,0.0,0.0,0.0,1.0002470016479492,1.0000011920928955,0.026611289009451866,-0.000256885658018291,-0.026602456346154213,0.0004336425627116114,0.0,0.0,0.0,0.0,0.0,0.0,0.5999999642372131,0.9987263083457947,0.0
3.582587242126465,44.53559112548828,57.486785888671875,0.26611852645874023,-0.26597467064857483,-0.002772003412246704,-0.007643073797225952,1.0002418756484985,1.000001072883606,0.0,1.0,0.6108194589614868,-0.5937484502792358,0.0033389537129551172,0.0033333301544189453,0.0,0.9999973773956299,1.0002418756484985,1.000001072883606,0.0,0.0,0.0,0.0,0.26606860756874084,0.2660841643810272,3.75913405418396,-0.03915686905384064,-3.7566628456115723,-0.10795184224843979,0.0,0.0,0.0,0.0,1.0002418756484985,1.000001072883606,0.026611873880028725,-0.00027718799537979066,-0.02660304121673107,0.0004539571236819029,0.0,0.0,0.0,0.0,0.0,0.0,0.5999999642372131,0.9987263083457947,0.0
3.586787223815918,44.8385009765625,57.486785888671875,0.26612553000450134,-0.25435274839401245,-0.002972826361656189,0.0014458298683166504,1.0002368688583374,1.0000011920928955,0.0,1.0,0.6108194589614868,-0.5937484502792358,0.0033388962037861347,0.0033333301544189453,0.0,0.9999973773956299,1.0002368688583374,1.0000011920928955,0.0,0.0,0.0,0.0,0.2660790979862213,0.2543565630912781,3.7589364051818848,-0.041990239173173904,-3.931429624557495,0.0223477054387331,0.0,0.0,0.0,0.0,1.0002368688583374,1.0000011920928955,0.026612550020217896,-0.0002972993825096637,-0.026603713631629944,0.00047408216050826013,0.0,0.0,0.0,0.0,0.0,0.0,0.5999999642372131,0.9987263083457947,0.0
3.590987205505371,45.14140319824219,57.486785888671875,0.26613083481788635,-0.25435686111450195,-0.003171950578689575,0.00010336935520172119,1.0002319812774658,1.0000011920928955,0.0,1.0,0.6108194589614868,-0.5937484502792358,0.0033388298470526934,0.0033333301544189453,0.0,0.9999973773956299,1.0002319812774658,1.0000011920928955,0.0,0.0,0.0,0.0,0.26608800888061523,0.2543565630912781,3.7587597370147705,-0.04479977861046791,-3.931493043899536,0.0015978111186996102,0.0,0.0,0.0,0.0,1.0002319812774658,1.0000011920928955,0.02661311998963356,-0.00031718669924885035,-0.02660428360104561,0.0004939818172715604,0.0,0.0,0.0,0.0,0.0,0.0,0.5999999642372131,0.9987263083457947,0.0
3.595187187194824,45.444297790527344,57.486785888671875,0.2661367654800415,-0.26496803760528564,-0.0033686012029647827,0.010227382183074951,1.0002269744873047,1.0000011920928955,0.0,1.0,0.6108194589614868,-0.5937484502792358,0.0033387744333595037,0.0033333301544189453,0.0,0.9999973773956299,1.0002269744873047,1.0000011920928955,0.0,0.0,0.0,0.0,0.26609769463539124,0.2651650309562683,3.7585701942443848,-0.0475737527012825,-3.7684342861175537,0.14545615017414093,0.0,0.0,0.0,0.0,1.0002269744873047,1.0000011920928955,0.026613658294081688,-0.00033686848473735154,-0.026604821905493736,0.000513675797265023,0.0,0.0,0.0,0.0,0.0,0.0,0.5999999642372131,0.9987263083457947,0.0
3.5993871688842773,45.747188568115234,57.486785888671875,0.26614221930503845,-0.2650183439254761,-0.0035628974437713623,0.008828788995742798,1.0002222061157227,1.0000011920928955,0.0,1.0,0.6108194589614868,-0.5937484502792358,0.0033387138973921537,0.0033333301544189453,0.0,0.9999973773956299,1.0002222061157227,1.0000011920928955,0.0,0.0,0.0,0.0,0.2661069333553314,0.2651650309562683,3.7583863735198975,-0.0503142848610878,-3.7691497802734375,0.12556488811969757,0.0,0.0,0.0,0.0,1.0002222061157227,1.0000011920928955,0.026614246889948845,-0.0003562758502084762,-0.026605410501360893,0.0005330959684215486,0.0,0.0,0.0,0.0,0.0,0.0,0.5999999642372131,0.9987263083457947,0.0
3.6035871505737305,46.05007553100586,57.486785888671875,0.2661482095718384,-0.26506125926971436,-0.0037547945976257324,0.007429942488670349,1.000217318534851,1.0000011920928955,0.0,1.0,0.6108194589614868,-0.5937484502792358,0.003338657785207033,0.0033333301544189453,0.0,0.9999973773956299,1.000217318534851,1.0000011920928955,0.0,0.0,0.0,0.0,0.26611682772636414,0.2651650309562683,3.758190870285034,-0.053020261228084564,-3.7697598934173584,0.10567013174295425,0.0,0.0,0.0,0.0,1.000217318534851,1.0000011920928955,0.02661481872200966,-0.0003754889767151326,-0.02660597860813141,0.0005523219588212669,0.0,0.0,0.0,0.0,0.0,0.0,0.5999999642372131,0.9987263083457947,0.0
3.6077871322631836,46.35295867919922,57.486785888671875,0.2661542594432831,-0.2650967538356781,-0.003944486379623413,0.006030857563018799,1.0002126693725586,1.0000011920928955,0.0,1.0,0.6108194589614868,-0.5937484502792358,0.003338597947731614,0.0033333301544189453,0.0,0.9999973773956299,1.0002126693725586,1.0000011920928955,0.0,0.0,0.0,0.0,0.2661268711090088,0.2651650309562683,3.757992744445801,-0.05569455027580261,-3.7702648639678955,0.08577219396829605,0.0,0.0,0.0,0.0,1.0002126693725586,1.0000011920928955,0.026615438982844353,-0.00039443295099772513,-0.026606598868966103,0.0005712794372811913,0.0,0.0,0.0,0.0,0.0,0.0,0.5999999642372131,0.9987263083457947,0.0
3.6119871139526367,46.65583038330078,57.486785888671875,0.26615995168685913,-0.2651248574256897,-0.004132390022277832,0.004631653428077698,1.0002080202102661,1.000001072883606,0.0,1.0,0.6108194589614868,-0.5937484502792358,0.0033385385759174824,0.0033333301544189453,0.0,0.9999973773956299,1.0002080202102661,1.000001072883606,0.0,0.0,0.0,0.0,0.26613670587539673,0.2651650309562683,3.757796049118042,-0.058343369513750076,-3.770664930343628,0.06587234884500504,0.0,0.0,0.0,0.0,1.0002080202102661,1.000001072883606,0.02661600522696972,-0.0004132326284889132,-0.02660716511309147,0.0005900920950807631,0.0,0.0,0.0,0.0,0.0,0.0,0.5999999642372131,0.9987263083457947,0.0
3.61618709564209,46.958702087402344,57.486785888671875,0.2661653161048889,-0.2651456594467163,-0.004318565130233765,0.003232300281524658,1.0002033710479736,1.0000011920928955,0.0,1.0,0.6108194589614868,-0.5937484502792358,0.003338480833917856,0.0033333301544189453,0.0,0.9999973773956299,1.0002033710479736,1.0000011920928955,0.0,0.0,0.0,0.0,0.2661462426185608,0.2651650309562683,3.7576024532318115,-0.06096737086772919,-3.770960569381714,0.045970600098371506,0.0,0.0,0.0,0.0,1.0002033710479736,1.0000011920928955,0.026616519317030907,-0.00043185518006794155,-0.026607677340507507,0.000608727044891566,0.0,0.0,0.0,0.0,0.0,0.0,0.5999999642372131,0.9987263083457947,0.0
3.620387077331543,47.261566162109375,57.486785888671875,0.26617079973220825,-0.265159010887146,-0.004502162337303162,0.0018328577280044556,1.0001988410949707,1.0000011920928955,0.0,1.0,0.6108194589614868,-0.5937484502792358,0.0033384254202246666,0.0033333301544189453,0.0,0.9999973773956299,1.0001988410949707,1.0000011920928955,0.0,0.0,0.0,0.0,0.26615598797798157,0.2651650309562683,3.7574048042297363,-0.06355492025613785,-3.771150588989258,0.02606741525232792,0.0,0.0,0.0,0.0,1.0001988410949707,1.0000011920928955,0.02661707065999508,-0.0004502277879510075,-0.026608232408761978,0.0006271126912906766,0.0,0.0,0.0,0.0,0.0,0.0,0.5999999642372131,0.9987263083457947,0.0
3.624587059020996,47.56442642211914,57.486785888671875,0.2661761939525604,-0.2651650011539459,-0.0046831220388412476,0.00043335556983947754,1.0001941919326782,1.0000011920928955,0.0,1.0,0.6108194589614868,-0.5937484502792358,0.003338369308039546,0.0033333301544189453,0.0,0.9999973773956299,1.0001941919326782,1.0000011920928955,0.0,0.0,0.0,0.0,0.26616570353507996,0.2651650309562683,3.757206439971924,-0.06610458344221115,-3.771235466003418,0.0061632790602743626,0.0,0.0,0.0,0.0,1.0001941919326782,1.0000011920928955,0.026617592200636864,-0.00046832370571792126,-0.026608753949403763,0.0006452213274315,0.0,0.0,0.0,0.0,0.0,0.0,0.5999999642372131,0.9987263083457947,0.0
3.628787040710449,47.867279052734375,57.486785888671875,0.2661811411380768,-0.2762523293495178,-0.004863858222961426,0.010042056441307068,1.0001897811889648,1.0000011920928955,0.0,1.0,0.6108194589614868,-0.5937484502792358,0.003338314127177,0.0033333301544189453,0.0,0.9999973773956299,1.0001897811889648,1.0000011920928955,0.0,0.0,0.0,0.0,0.2661750614643097,0.2764344811439514,3.757011651992798,-0.06865095347166061,-3.615110397338867,0.1314130425453186,0.0,0.0,0.0,0.0,1.0001897811889648,1.0000011920928955,0.0266181081533432,-0.0004863814392592758,-0.0266092661768198,0.0006632917793467641,0.0,0.0,0.0,0.0,0.0,0.0,0.5999999642372131,0.9987263083457947,0.0
3.6329870223999023,48.17012405395508,57.486785888671875,0.26618626713752747,-0.26515480875968933,-0.005041748285293579,-0.002365618944168091,1.000185251235962,1.0000011920928955,0.0,1.0,0.6108194589614868,-0.5937484502792358,0.003338262438774109,0.0033333301544189453,0.0,0.9999973773956299,1.000185251235962,1.0000011920928955,0.0,0.0,0.0,0.0,0.2661846876144409,0.2651650309562683,3.756812334060669,-0.07115644961595535,-3.771090507507324,-0.033644359558820724,0.0,0.0,0.0,0.0,1.000185251235962,1.0000011920928955,0.02661864273250103,-0.0005041892291046679,-0.02660979889333248,0.0006811125786043704,0.0,0.0,0.0,0.0,0.0,0.0,0.5999999642372131,0.9987263083457947,0.0
3.6371870040893555,48.47296905517578,57.486785888671875,0.2661912441253662,-0.26545238494873047,-0.005218490958213806,0.018329843878746033,1.000180959701538,1.0000011920928955,0.0,1.0,0.6108194589614868,-0.5937484502792358,0.003338209819048643,0.0033333301544189453,0.0,0.9999973773956299,1.000180959701538,1.0000011920928955,0.0,0.0,0.0,0.0,0.266194224357605,0.2660841643810272,3.756613254547119,-0.07364581525325775,-3.74928617477417,0.25889313220977783,0.0,0.0,0.0,0.0,1.000180959701538,1.0000011920928955,0.026619110256433487,-0.0005218337173573673,-0.02661026455461979,0.0006987693486735225,0.0,0.0,0.0,0.0,0.0,0.0,0.5999999642372131,0.9987263083457947,0.0
3.6413869857788086,48.77581787109375,57.486785888671875,0.26619717478752136,-0.26554542779922485,-0.005392611026763916,0.016928568482398987,1.0001765489578247,1.0000011920928955,0.0,1.0,0.6108194589614868,-0.5937484502792358,0.0033381585963070393,0.0033333301544189453,0.0,0.9999973773956299,1.0001765489578247,1.0000011920928955,0.0,0.0,0.0,0.0,0.2662047743797302,0.2660841643810272,3.756398916244507,-0.07609713077545166,-3.7506000995635986,0.23910151422023773,0.0,0.0,0.0,0.0,1.0001765489578247,1.0000011920928955,0.02661971189081669,-0.0005392759921960533,-0.02661086991429329,0.0007162258843891323,0.0,0.0,0.0,0.0,0.0,0.0,0.5999999642372131,0.9987263083457947,0.0
3.6455869674682617,49.07864761352539,57.486785888671875,0.2662021517753601,-0.2764027714729309,-0.005563721060752869,0.004208177328109741,1.0001722574234009,1.0000011920928955,0.0,1.0,0.6108194589614868,-0.5937484502792358,0.003338102251291275,0.0033333301544189453,0.0,0.9999973773956299,1.0001722574234009,1.0000011920928955,0.0,0.0,0.0,0.0,0.26621443033218384,0.2764344811439514,3.756197452545166,-0.07850583642721176,-3.617079019546509,0.05506936088204384,0.0,0.0,0.0,0.0,1.0001722574234009,1.0000011920928955,0.02662021853029728,-0.0005563729791902006,-0.02661137282848358,0.0007333356770686805,0.0,0.0,0.0,0.0,0.0,0.0,0.5999999642372131,0.9987263083457947,0.0
3.649786949157715,49.38147735595703,57.486785888671875,0.26620641350746155,-0.27642112970352173,-0.0057347118854522705,0.0027492940425872803,1.0001680850982666,1.0000011920928955,0.0,1.0,0.6108194589614868,-0.5937484502792358,0.003338051261380315,0.0033333301544189453,0.0,0.9999973773956299,1.0001680850982666,1.0000011920928955,0.0,0.0,0.0,0.0,0.2662234306335449,0.2764344811439514,3.7560031414031982,-0.08091302961111069,-3.617319345474243,0.03597801923751831,0.0,0.0,0.0,0.0,1.0001680850982666,1.0000011920928955,0.026620659977197647,-0.0005734640290029347,-0.02661181427538395,0.0007504389504902065,0.0,0.0,0.0,0.0,0.0,0.0,0.5999999642372131,0.9987263083457947,0.0
3.653986930847168,49.684303283691406,57.486785888671875,0.26621219515800476,-0.2764317989349365,-0.0059032440185546875,0.0012903660535812378,1.0001637935638428,1.0000011920928955,0.0,1.0,0.6108194589614868,-0.5937484502792358,0.0033380044624209404,0.0033333301544189453,0.0,0.9999973773956299,1.0001637935638428,1.0000011920928955,0.0,0.0,0.0,0.0,0.26623404026031494,0.2764344811439514,3.7557859420776367,-0.08328434079885483,-3.6174588203430176,0.01688615418970585,0.0,0.0,0.0,0.0,1.0001637935638428,1.0000011920928955,0.026621205732226372,-0.0005903264973312616,-0.026612356305122375,0.0007673150394111872,0.0,0.0,0.0,0.0,0.0,0.0,0.5999999642372131,0.9987263083457947,0.0
3.658186912536621,49.987125396728516,57.486785888671875,0.2662171423435211,-0.2543558180332184,-0.0060697197914123535,0.0007280260324478149,1.0001596212387085,1.0000011920928955,0.0,1.0,0.6108194589614868,-0.5937484502792358,0.0033379490487277508,0.0033333301544189453,0.0,0.9999973773956299,1.0001596212387085,1.0000011920928955,0.0,0.0,0.0,0.0,0.2662438154220581,0.2543565630912781,3.7555794715881348,-0.08562692254781723,-3.9314770698547363,0.011252881959080696,0.0,0.0,0.0,0.0,1.0001596212387085,1.0000011920928955,0.02662169747054577,-0.0006069722585380077,-0.02661285176873207,0.0007839738391339779,0.0,0.0,0.0,0.0,0.0,0.0,0.5999999642372131,0.9987263083457947,0.0
3.662386894226074,50.289939880371094,57.486785888671875,0.2662215232849121,-0.2658996284008026,-0.006234586238861084,0.009915918111801147,1.0001554489135742,1.000001072883606,0.0,1.0,0.6108194589614868,-0.5937484502792358,0.0033378994558006525,0.0033333301544189453,0.0,0.9999973773956299,1.0001554489135742,1.000001072883606,0.0,0.0,0.0,0.0,0.26625314354896545,0.2660841643810272,3.7553787231445312,-0.08794645965099335,-3.755603075027466,0.14005368947982788,0.0,0.0,0.0,0.0,1.0001554489135742,1.000001072883606,0.026622159406542778,-0.0006234733737073839,-0.026613309979438782,0.0008004875271581113,0.0,0.0,0.0,0.0,0.0,0.0,0.5999999642372131,0.9987263083457947,0.0
3.6665868759155273,50.59275436401367,57.486785888671875,0.2662256062030792,-0.26594826579093933,-0.006398037075996399,0.00851239264011383,1.000151515007019,1.0000011920928955,0.0,1.0,0.6108194589614868,-0.5937484502792358,0.0033378521911799908,0.0033333301544189453,0.0,0.9999973773956299,1.000151515007019,1.0000011920928955,0.0,0.0,0.0,0.0,0.26626211404800415,0.2660841643810272,3.7551822662353516,-0.09024611115455627,-3.7562901973724365,0.12023016810417175,0.0,0.0,0.0,0.0,1.000151515007019,1.0000011920928955,0.0266225915402174,-0.0006397980032488704,-0.026613742113113403,0.0008168245549313724,0.0,0.0,0.0,0.0,0.0,0.0,0.5999999642372131,0.9987263083457947,0.0
3.6707868576049805,50.89556121826172,57.486785888671875,0.2662310302257538,-0.2659894824028015,-0.006559208035469055,0.007108643651008606,1.0001474618911743,1.0000011920928955,0.0,1.0,0.6108194589614868,-0.5937484502792358,0.0033378079533576965,0.0033333301544189453,0.0,0.9999973773956299,1.0001474618911743,1.0000011920928955,0.0,0.0,0.0,0.0,0.26627254486083984,0.2660841643810272,3.754964828491211,-0.09251217544078827,-3.7568721771240234,0.10040348023176193,0.0,0.0,0.0,0.0,1.0001474618911743,1.0000011920928955,0.026623094454407692,-0.0006559174507856369,-0.026614246889948845,0.0008329573320224881,0.0,0.0,0.0,0.0,0.0,0.0,0.5999999642372131,0.9987263083457947,0.0
3.6749868392944336,51.1983642578125,57.486785888671875,0.26623547077178955,-0.27773210406303406,-0.00671859085559845,0.01605096459388733,1.0001434087753296,1.000001072883606,0.0,1.0,0.6108194589614868,-0.5937484502792358,0.0033377560321241617,0.0033333301544189453,0.0,0.9999973773956299,1.0001434087753296,1.000001072883606,0.0,0.0,0.0,0.0,0.2662820518016815,0.27819520235061646,3.7547595500946045,-0.09475333988666534,-3.5886142253875732,0.20739655196666718,0.0,0.0,0.0,0.0,1.0001434087753296,1.000001072883606,0.02662353776395321,-0.0006718479562550783,-0.026614690199494362,0.0008489004685543478,0.0,0.0,0.0,0.0,0.0,0.0,0.5999999642372131,0.9987263083457947,0.0
3.6791868209838867,51.501163482666016,57.486785888671875,0.2662406861782074,-0.26604971289634705,-0.006876453757286072,0.0043005794286727905,1.0001394748687744,1.0000011920928955,0.0,1.0,0.6108194589614868,-0.5937484502792358,0.0033377110958099365,0.0033333301544189453,0.0,0.9999973773956299,1.0001394748687744,1.0000011920928955,0.0,0.0,0.0,0.0,0.2662923336029053,0.2660841643810272,3.7545435428619385,-0.09697220474481583,-3.757722854614258,0.06074189767241478,0.0,0.0,0.0,0.0,1.0001394748687744,1.0000011920928955,0.02662408910691738,-0.0006876454572193325,-0.026615237817168236,0.000864712055772543,0.0,0.0,0.0,0.0,0.0,0.0,0.5999999642372131,0.9987263083457947,0.0
3.68338680267334,51.803955078125,57.486785888671875,0.2662454843521118,-0.2778860330581665,-0.007031962275505066,0.013118460774421692,1.0001356601715088,1.0000011920928955,0.0,1.0,0.6108194589614868,-0.5937484502792358,0.0033376598730683327,0.0033333301544189453,0.0,0.9999973773956299,1.0001356601715088,1.0000011920928955,0.0,0.0,0.0,0.0,0.2663021981716156,0.27819520235061646,3.7543323040008545,-0.09915791451931,-3.5906033515930176,0.16950537264347076,0.0,0.0,0.0,0.0,1.0001356601715088,1.0000011920928955,0.02662454918026924,-0.0007031967397779226,-0.026615697890520096,0.0008802761440165341,0.0,0.0,0.0,0.0,0.0,0.0,0.5999999642372131,0.9987263083457947,0.0
3.687586784362793,52.106746673583984,57.486785888671875,0.26624977588653564,-0.2559207081794739,-0.007186323404312134,0.013363182544708252,1.0001318454742432,1.0000011920928955,0.0,1.0,0.6108194589614868,-0.5937484502792358,0.0033376121427863836,0.0033333301544189453,0.0,0.9999973773956299,1.0001318454742432,1.0000011920928955,0.0,0.0,0.0,0.0,0.2663116157054901,0.25626906752586365,3.754127264022827,-0.1013273224234581,-3.8968446254730225,0.2034781575202942,0.0,0.0,0.0,0.0,1.0001318454742432,1.0000011920928955,0.026624972000718117,-0.0007186626316979527,-0.02661612071096897,0.0008957545505836606,0.0,0.0,0.0,0.0,0.0,0.0,0.5999999642372131,0.9987263083457947,0.0
3.691786766052246,52.4095344543457,57.486785888671875,0.2662546634674072,-0.25598764419555664,-0.007339343428611755,0.012012287974357605,1.0001280307769775,1.0000011920928955,0.0,1.0,0.6108194589614868,-0.5937484502792358,0.003337566740810871,0.0033333301544189453,0.0,0.9999973773956299,1.0001280307769775,1.0000011920928955,0.0,0.0,0.0,0.0,0.26632171869277954,0.25626906752586365,3.7539119720458984,-0.10347693413496017,-3.8978641033172607,0.18290828168392181,0.0,0.0,0.0,0.0,1.0001280307769775,1.0000011920928955,0.026625443249940872,-0.000733935390599072,-0.026616591960191727,0.0009110404062084854,0.0,0.0,0.0,0.0,0.0,0.0,0.5999999642372131,0.9987263083457947,0.0
3.695986747741699,52.712318420410156,57.486785888671875,0.26625895500183105,-0.2780589461326599,-0.0074906498193740845,0.008717045187950134,1.000124216079712,1.0000011920928955,0.0,1.0,0.6108194589614868,-0.5937484502792358,0.0033375185448676348,0.0033333301544189453,0.0,0.9999973773956299,1.000124216079712,1.0000011920928955,0.0,0.0,0.0,0.0,0.2663312256336212,0.27819520235061646,3.753704071044922,-0.10560273379087448,-3.59283709526062,0.11263414472341537,0.0,0.0,0.0,0.0,1.000124216079712,1.0000011920928955,0.026625895872712135,-0.0007490487187169492,-0.02661704085767269,0.0009261667728424072,0.0,0.0,0.0,0.0,0.0,0.0,0.5999999642372131,0.9987263083457947,0.0
3.7001867294311523,53.015098571777344,57.486785888671875,0.26626354455947876,-0.2781010866165161,-0.007639214396476746,0.007249370217323303,1.0001205205917358,1.0000011920928955,0.0,1.0,0.6108194589614868,-0.5937484502792358,0.003337474074214697,0.0033333301544189453,0.0,0.9999973773956299,1.0001205205917358,1.0000011920928955,0.0,0.0,0.0,0.0,0.2663410007953644,0.27819520235061646,3.753493309020996,-0.10768915712833405,-3.593381881713867,0.09367010742425919,0.0,0.0,0.0,0.0,1.0001205205917358,1.0000011920928955,0.026626376435160637,-0.0007639068644493818,-0.026617521420121193,0.0009410381317138672,0.0,0.0,0.0,0.0,0.0,0.0,0.5999999642372131,0.9987263083457947,0.0
3.7043867111206055,53.31787109375,57.486785888671875,0.2662680745124817,-0.2682287395000458,-0.0077873170375823975,0.017864473164081573,1.0001169443130493,1.0000011920928955,0.0,1.0,0.6108194589614868,-0.5937484502792358,0.003337427508085966,0.0033333301544189453,0.0,0.9999973773956299,1.0001169443130493,1.0000011920928955,0.0,0.0,0.0,0.0,0.26635080575942993,0.26882266998291016,3.753281354904175,-0.10976921021938324,-3.7117059230804443,0.2472056895494461,0.0,0.0,0.0,0.0,1.0001169443130493,1.0000011920928955,0.02662680484354496,-0.0007787090726196766,-0.026617949828505516,0.000955853087361902,0.0,0.0,0.0,0.0,0.0,0.0,0.5999999642372131,0.9987263083457947,0.0
3.7085866928100586,53.62063980102539,57.486785888671875,0.26627230644226074,-0.2683192789554596,-0.00793302059173584,0.01644854247570038,1.0001132488250732,1.0000011920928955,0.0,1.0,0.6108194589614868,-0.5937484502792358,0.0033373821061104536,0.0033333301544189453,0.0,0.9999973773956299,1.0001132488250732,1.0000011920928955,0.0,0.0,0.0,0.0,0.2663603127002716,0.26882266998291016,3.753072738647461,-0.11181478202342987,-3.712958812713623,0.22761224210262299,0.0,0.0,0.0,0.0,1.0001132488250732,1.0000011920928955,0.026627201586961746,-0.0007933064480312169,-0.026618346571922302,0.0009704628027975559,0.0,0.0,0.0,0.0,0.0,0.0,0.5999999642372131,0.9987263083457947,0.0
3.7127866744995117,53.923404693603516,57.486785888671875,0.26627686619758606,-0.2684023678302765,-0.008077450096607208,0.015032187104225159,1.0001095533370972,1.0000011920928955,0.0,1.0,0.6108194589614868,-0.5937484502792358,0.0033373385667800903,0.0033333301544189453,0.0,0.9999973773956299,1.0001095533370972,1.0000011920928955,0.0,0.0,0.0,0.0,0.26637017726898193,0.26882266998291016,3.752859354019165,-0.1138421967625618,-3.714108467102051,0.2080128937959671,0.0,0.0,0.0,0.0,1.0001095533370972,1.0000011920928955,0.0266276802867651,-0.0008077419479377568,-0.026618823409080505,0.000984911690466106,0.0,0.0,0.0,0.0,0.0,0.0,0.5999999642372131,0.9987263083457947,0.0
3.716986656188965,54.22616195678711,57.486785888671875,0.2662807106971741,-0.256239652633667,-0.008220456540584564,0.0039012208580970764,1.0001059770584106,1.0000011920928955,0.0,1.0,0.6108194589614868,-0.5937484502792358,0.0033372926991432905,0.0033333301544189453,0.0,0.9999973773956299,1.0001059770584106,1.0000011920928955,0.0,0.0,0.0,0.0,0.26637929677963257,0.25626906752586365,3.752655506134033,-0.11584975570440292,-3.9017012119293213,0.05940290540456772,0.0,0.0,0.0,0.0,1.0001059770584106,1.0000011920928955,0.026628077030181885,-0.0008220540476031601,-0.02661922015249729,0.000999236130155623,0.0,0.0,0.0,0.0,0.0,0.0,0.5999999642372131,0.9987263083457947,0.0
3.721186637878418,54.52892303466797,57.486785888671875,0.26628488302230835,-0.26854607462882996,-0.008361808955669403,0.012198194861412048,1.0001025199890137,1.0000011920928955,0.0,1.0,0.6108194589614868,-0.5937484502792358,0.003337251953780651,0.0033333301544189453,0.0,0.9999973773956299,1.0001025199890137,1.0000011920928955,0.0,0.0,0.0,0.0,0.26638883352279663,0.26882266998291016,3.752446174621582,-0.1178331971168518,-3.716097116470337,0.1687965840101242,0.0,0.0,0.0,0.0,1.0001025199890137,1.0000011920928955,0.02662847749888897,-0.0008361857617273927,-0.026619618758559227,0.00101338024251163,0.0,0.0,0.0,0.0,0.0,0.0,0.5999999642372131,0.9987263083457947,0.0
3.725386619567871,54.83167266845703,57.486785888671875,0.2662883996963501,-0.2562665641307831,-0.008501313626766205,0.0011962354183197021,1.0000989437103271,1.000001072883606,0.0,1.0,0.6108194589614868,-0.5937484502792358,0.0033372093457728624,0.0033333301544189453,0.0,0.9999973773956299,1.0000989437103271,1.000001072883606,0.0,0.0,0.0,0.0,0.2663976848125458,0.25626906752586365,3.752246141433716,-0.11979135870933533,-3.9021108150482178,0.018214810639619827,0.0,0.0,0.0,0.0,1.0000989437103271,1.000001072883606,0.02662884071469307,-0.000850159500259906,-0.026619983837008476,0.0010273660300299525,0.0,0.0,0.0,0.0,0.0,0.0,0.5999999642372131,0.9987263083457947,0.0
3.729586601257324,55.13442611694336,57.486785888671875,0.26629310846328735,-0.26865988969802856,-0.008639328181743622,0.009362861514091492,1.0000956058502197,1.0000011920928955,0.0,1.0,0.6108194589614868,-0.5937484502792358,0.0033371716272085905,0.0033333301544189453,0.0,0.9999973773956299,1.0000956058502197,1.0000011920928955,0.0,0.0,0.0,0.0,0.2664077579975128,0.26882266998291016,3.7520294189453125,-0.12172674387693405,-3.7176718711853027,0.1295616626739502,0.0,0.0,0.0,0.0,1.0000956058502197,1.0000011920928955,0.026629313826560974,-0.0008639338775537908,-0.02662045694887638,0.0010411537950858474,0.0,0.0,0.0,0.0,0.0,0.0,0.5999999642372131,0.9987263083457947,0.0
3.7337865829467773,55.43716812133789,57.486785888671875,0.26629674434661865,-0.2687055468559265,-0.008775994181632996,0.00794479250907898,1.0000921487808228,1.0000011920928955,0.0,1.0,0.6108194589614868,-0.5937484502792358,0.003337126225233078,0.0033333301544189453,0.0,0.9999973773956299,1.0000921487808228,1.0000011920928955,0.0,0.0,0.0,0.0,0.2664167881011963,0.26882266998291016,3.751826286315918,-0.12364398688077927,-3.718303918838501,0.10993864387273788,0.0,0.0,0.0,0.0,1.0000921487808228,1.0000011920928955,0.026629675179719925,-0.0008775939350016415,-0.02662081830203533,0.0010548257268965244,0.0,0.0,0.0,0.0,0.0,0.0,0.5999999642372131,0.9987263083457947,0.0
3.7379865646362305,55.73991394042969,57.486785888671875,0.26630061864852905,-0.26874375343322754,-0.008911706507205963,0.006526492536067963,1.0000888109207153,1.0000011920928955,0.0,1.0,0.6108194589614868,-0.5937484502792358,0.0033370887394994497,0.0033333301544189453,0.0,0.9999973773956299,1.0000888109207153,1.0000011920928955,0.0,0.0,0.0,0.0,0.2664260268211365,0.26882266998291016,3.751620054244995,-0.125547394156456,-3.71883225440979,0.09031251817941666,0.0,0.0,0.0,0.0,1.0000888109207153,1.0000011920928955,0.026630057021975517,-0.0008911609766073525,-0.026621198281645775,0.001068405108526349,0.0,0.0,0.0,0.0,0.0,0.0,0.5999999642372131,0.9987263083457947,0.0
3.7421865463256836,56.04265213012695,57.486785888671875,0.2663050889968872,-0.25945261120796204,-0.009045079350471497,0.01764773577451706,1.000085473060608,1.000001072883606,0.0,1.0,0.6108194589614868,-0.5937484502792358,0.0033370484597980976,0.0033333301544189453,0.0,0.9999973773956299,1.000085473060608,1.000001072883606,0.0,0.0,0.0,0.0,0.2664358913898468,0.26005181670188904,3.7514054775238037,-0.1274169385433197,-3.836526870727539,0.2609570622444153,0.0,0.0,0.0,0.0,1.000085473060608,1.000001072883606,0.026630494743585587,-0.0009045209735631943,-0.026621637865900993,0.0010817780857905746,0.0,0.0,0.0,0.0,0.0,0.0,0.5999999642372131,0.9987263083457947,0.0
3.7463865280151367,56.34539031982422,57.486785888671875,0.2663084864616394,-0.2595421373844147,-0.009177304804325104,0.01627814769744873,1.0000821352005005,1.000001072883606,0.0,1.0,0.6108194589614868,-0.5937484502792358,0.0033370056189596653,0.0033333301544189453,0.0,0.9999973773956299,1.0000821352005005,1.000001072883606,0.0,0.0,0.0,0.0,0.26644468307495117,0.26005181670188904,3.7512059211730957,-0.1292710155248642,-3.837850570678711,0.24070501327514648,0.0,0.0,0.0,0.0,1.0000821352005005,1.000001072883606,0.026630884036421776,-0.0009177147294394672,-0.026622025296092033,0.001094984239898622,0.0,0.0,0.0,0.0,0.0,0.0,0.5999999642372131,0.9987263083457947,0.0
3.75058650970459,56.64812469482422,57.486785888671875,0.26631298661231995,-0.2596244215965271,-0.009307712316513062,0.014908090233802795,1.000078797340393,1.000001072883606,0.0,1.0,0.6108194589614868,-0.5937484502792358,0.0033369692973792553,0.0033333301544189453,0.0,0.9999973773956299,1.000078797340393,1.000001072883606,0.0,0.0,0.0,0.0,0.2664545774459839,0.26005181670188904,3.750990390777588,-0.13109800219535828,-3.8390674591064453,0.22044599056243896,0.0,0.0,0.0,0.0,1.000078797340393,1.000001072883606,0.026631301268935204,-0.0009307839209213853,-0.02662244252860546,0.0011080660624429584,0.0,0.0,0.0,0.0,0.0,0.0,0.5999999642372131,0.9987263083457947,0.0
3.754786491394043,56.95085144042969,57.486785888671875,0.26631736755371094,-0.2596995234489441,-0.009437747299671173,0.01353764533996582,1.0000756978988647,1.0000011920928955,0.0,1.0,0.6108194589614868,-0.5937484502792358,0.003336925758048892,0.0033333301544189453,0.0,0.9999973773956299,1.0000756978988647,1.0000011920928955,0.0,0.0,0.0,0.0,0.26646438241004944,0.26005181670188904,3.750776529312134,-0.13291987776756287,-3.8401777744293213,0.20018117129802704,0.0,0.0,0.0,0.0,1.0000756978988647,1.0000011920928955,0.026631727814674377,-0.0009437768021598458,-0.026622867211699486,0.0011210718657821417,0.0,0.0,0.0,0.0,0.0,0.0,0.5999999642372131,0.9987263083457947,0.0
3.758986473083496,57.25357437133789,57.486785888671875,0.2663213908672333,-0.2725010812282562,-0.009565591812133789,0.02122180163860321,1.0000724792480469,1.0000011920928955,0.0,1.0,0.6108194589614868,-0.5937484502792358,0.0033368836157023907,0.0033333301544189453,0.0,0.9999973773956299,1.0000724792480469,1.0000011920928955,0.0,0.0,0.0,0.0,0.26647379994392395,0.2733258605003357,3.75056791305542,-0.13471098244190216,-3.6475963592529297,0.28406697511672974,0.0,0.0,0.0,0.0,1.0000724792480469,1.0000011920928955,0.026632113382220268,-0.000956552685238421,-0.026623252779245377,0.0011338599724695086,0.0,0.0,0.0,0.0,0.0,0.0,0.5999999642372131,0.9987263083457947,0.0
3.763186454772949,57.55629348754883,57.486785888671875,0.26632487773895264,-0.27260929346084595,-0.009692400693893433,0.019783280789852142,1.0000693798065186,1.0000011920928955,0.0,1.0,0.6108194589614868,-0.5937484502792358,0.0033368428703397512,0.0033333301544189453,0.0,0.9999973773956299,1.0000693798065186,1.0000011920928955,0.0,0.0,0.0,0.0,0.26648271083831787,0.2733258605003357,3.7503662109375,-0.13648761808872223,-3.6490447521209717,0.26481154561042786,0.0,0.0,0.0,0.0,1.0000693798065186,1.0000011920928955,0.026632482185959816,-0.0009692417806945741,-0.026623621582984924,0.0011465613497421145,0.0,0.0,0.0,0.0,0.0,0.0,0.5999999642372131,0.9987263083457947,0.0
3.7673864364624023,57.8590087890625,57.486785888671875,0.266328364610672,-0.2727099061012268,-0.009817413985729218,0.018344223499298096,1.0000661611557007,1.0000011920928955,0.0,1.0,0.6108194589614868,-0.5937484502792358,0.003336805384606123,0.0033333301544189453,0.0,0.9999973773956299,1.0000661611557007,1.0000011920928955,0.0,0.0,0.0,0.0,0.2664915919303894,0.2733258605003357,3.750164747238159,-0.13823887705802917,-3.6503913402557373,0.2455487698316574,0.0,0.0,0.0,0.0,1.0000661611557007,1.0000011920928955,0.02663281559944153,-0.0009817376267164946,-0.026623953133821487,0.0011590687790885568,0.0,0.0,0.0,0.0,0.0,0.0,0.5999999642372131,0.9987263083457947,0.0
3.7715864181518555,58.161720275878906,57.486785888671875,0.26633191108703613,-0.26837679743766785,-0.009941905736923218,0.023342400789260864,1.000063180923462,1.0000011920928955,0.0,1.0,0.6108194589614868,-0.5937484502792358,0.003336768364533782,0.0033333301544189453,0.0,0.9999973773956299,1.000063180923462,1.0000011920928955,0.0,0.0,0.0,0.0,0.2665005624294281,0.26938968896865845,3.749962568283081,-0.13998226821422577,-3.6981375217437744,0.3216499984264374,0.0,0.0,0.0,0.0,1.000063180923462,1.0000011920928955,0.02663319744169712,-0.0009941471507772803,-0.02662433497607708,0.0011714905267581344,0.0,0.0,0.0,0.0,0.0,0.0,0.5999999642372131,0.9987263083457947,0.0
3.7757863998413086,58.46443557739258,57.486785888671875,0.2663363218307495,-0.2728883624076843,-0.01006363332271576,0.015464603900909424,1.000059962272644,1.0000011920928955,0.0,1.0,0.6108194589614868,-0.5937484502792358,0.0033367318101227283,0.0033333301544189453,0.0,0.9999973773956299,1.000059962272644,1.0000011920928955,0.0,0.0,0.0,0.0,0.26651039719581604,0.2733258605003357,3.7497482299804688,-0.1416858285665512,-3.652780055999756,0.20700345933437347,0.0,0.0,0.0,0.0,1.000059962272644,1.0000011920928955,0.026633620262145996,-0.0010063775116577744,-0.026624757796525955,0.0011837336933240294,0.0,0.0,0.0,0.0,0.0,0.0,0.5999999642372131,0.9987263083457947,0.0
3.7799863815307617,58.76714324951172,57.486785888671875,0.26633965969085693,-0.2556400001049042,-0.010185293853282928,0.011792361736297607,1.0000569820404053,1.000001072883606,0.0,1.0,0.6108194589614868,-0.5937484502792358,0.003336690366268158,0.0033333301544189453,0.0,0.9999973773956299,1.0000569820404053,1.000001072883606,0.0,0.0,0.0,0.0,0.266519159078598,0.25591155886650085,3.74954891204834,-0.14338934421539307,-3.9034535884857178,0.18006156384944916,0.0,0.0,0.0,0.0,1.0000569820404053,1.000001072883606,0.026633966714143753,-0.0010185128776356578,-0.026625102385878563,0.0011958809336647391,0.0,0.0,0.0,0.0,0.0,0.0,0.5999999642372131,0.9987263083457947,0.0
3.784186363220215,59.06984329223633,57.486785888671875,0.26634275913238525,-0.2600223422050476,-0.01030471920967102,0.003935962915420532,1.0000540018081665,1.0000011920928955,0.0,1.0,0.6108194589614868,-0.5937484502792358,0.0033366552088409662,0.0033333301544189453,0.0,0.9999973773956299,1.0000540018081665,1.0000011920928955,0.0,0.0,0.0,0.0,0.26652762293815613,0.26005181670188904,3.7493538856506348,-0.1450614482164383,-3.8449511528015137,0.05820108577609062,0.0,0.0,0.0,0.0,1.0000540018081665,1.0000011920928955,0.02663429081439972,-0.00103045126888901,-0.02662542462348938,0.0012078307336196303,0.0,0.0,0.0,0.0,0.0,0.0,0.5999999642372131,0.9987263083457947,0.0
3.788386344909668,59.37254333496094,57.486785888671875,0.2663465738296509,-0.27309900522232056,-0.01042260229587555,0.011142030358314514,1.0000510215759277,1.0000011920928955,0.0,1.0,0.6108194589614868,-0.5937484502792358,0.0033366212155669928,0.0033333301544189453,0.0,0.9999973773956299,1.0000510215759277,1.0000011920928955,0.0,0.0,0.0,0.0,0.26653680205345154,0.2733258605003357,3.7491490840911865,-0.14671069383621216,-3.655599594116211,0.1491430699825287,0.0,0.0,0.0,0.0,1.0000510215759277,1.0000011920928955,0.026634637266397476,-0.0010422730119898915,-0.026625771075487137,0.0012196642346680164,0.0,0.0,0.0,0.0,0.0,0.0,0.5999999642372131,0.9987263083457947,0.0
3.792586326599121,59.67524337768555,57.486785888671875,0.2663503885269165,-0.26004940271377563,-0.010539650917053223,0.001191064715385437,1.0000481605529785,1.000001072883606,0.0,1.0,0.6108194589614868,-0.5937484502792358,0.003336583497002721,0.0033333301544189453,0.0,0.9999973773956299,1.0000481605529785,1.000001072883606,0.0,0.0,0.0,0.0,0.26654601097106934,0.26005181670188904,3.7489442825317383,-0.14834803342819214,-3.845351219177246,0.01761225052177906,0.0,0.0,0.0,0.0,1.0000481605529785,1.000001072883606,0.026635050773620605,-0.0010539637878537178,-0.026626184582710266,0.0012313676998019218,0.0,0.0,0.0,0.0,0.0,0.0,0.5999999642372131,0.9987263083457947,0.0
3.796786308288574,59.97793960571289,57.486785888671875,0.2663540244102478,-0.2732014060020447,-0.010655276477336884,0.008258730173110962,1.0000452995300293,1.0000011920928955,0.0,1.0,0.6108194589614868,-0.5937484502792358,0.0033365467097610235,0.0033333301544189453,0.0,0.9999973773956299,1.0000452995300293,1.0000011920928955,0.0,0.0,0.0,0.0,0.2665550112724304,0.2733258605003357,3.7487423419952393,-0.14996536076068878,-3.656970262527466,0.11054831743240356,0.0,0.0,0.0,0.0,1.0000452995300293,1.0000011920928955,0.02663540281355381,-0.0010655553778633475,-0.02662653662264347,0.001242971047759056,0.0,0.0,0.0,0.0,0.0,0.0,0.5999999642372131,0.9987263083457947,0.0
3.8009862899780273,60.28062438964844,57.486785888671875,0.2663569748401642,-0.2648705244064331,-0.010770313441753387,0.020010381937026978,1.00004243850708,1.0000011920928955,0.0,1.0,0.6108194589614868,-0.5937484502792358,0.003336509922519326,0.0033333301544189453,0.0,0.9999973773956299,1.00004243850708,1.0000011920928955,0.0,0.0,0.0,0.0,0.2665633261203766,0.265625,3.748549461364746,-0.15157493948936462,-3.7540123462677,0.2836073040962219,0.0,0.0,0.0,0.0,1.00004243850708,1.0000011920928955,0.026635710150003433,-0.001077026128768921,-0.026626840233802795,0.0012544532073661685,0.0,0.0,0.0,0.0,0.0,0.0,0.5999999642372131,0.9987263083457947,0.0
3.8051862716674805,60.58331298828125,57.486785888671875,0.26636016368865967,-0.2691228985786438,-0.010883726179599762,0.01199331134557724,1.0000395774841309,1.0000011920928955,0.0,1.0,0.6108194589614868,-0.5937484502792358,0.0033364780247211456,0.0033333301544189453,0.0,0.9999973773956299,1.0000395774841309,1.0000011920928955,0.0,0.0,0.0,0.0,0.26657187938690186,0.26938968896865845,3.748354196548462,-0.15316127240657806,-3.708418369293213,0.16526365280151367,0.0,0.0,0.0,0.0,1.0000395774841309,1.0000011920928955,0.026636039838194847,-0.0010883481008931994,-0.02662717178463936,0.001265786704607308,0.0,0.0,0.0,0.0,0.0,0.0,0.5999999642372131,0.9987263083457947,0.0
3.8093862533569336,60.8859977722168,57.486785888671875,0.2663641571998596,-0.2650669813156128,-0.01099596917629242,0.01721341162919998,1.0000367164611816,1.000001072883606,0.0,1.0,0.6108194589614868,-0.5937484502792358,0.0033364444971084595,0.0033333301544189453,0.0,0.9999973773956299,1.0000367164611816,1.000001072883606,0.0,0.0,0.0,0.0,0.2665812373161316,0.265625,3.7481472492218018,-0.1547299176454544,-3.7567968368530273,0.24396587908267975,0.0,0.0,0.0,0.0,1.0000367164611816,1.000001072883606,0.026636404916644096,-0.0010996260680258274,-0.02662753500044346,0.001277076662518084,0.0,0.0,0.0,0.0,0.0,0.0,0.5999999642372131,0.9987263083457947,0.0
3.8135862350463867,61.18867874145508,57.486785888671875,0.2663669288158417,-0.2692345082759857,-0.01110745221376419,0.009151913225650787,1.0000340938568115,1.0000011920928955,0.0,1.0,0.6108194589614868,-0.5937484502792358,0.003336406545713544,0.0033333301544189453,0.0,0.9999973773956299,1.0000340938568115,1.0000011920928955,0.0,0.0,0.0,0.0,0.26658934354782104,0.26938968896865845,3.747957944869995,-0.15628916025161743,-3.709956407546997,0.12611006200313568,0.0,0.0,0.0,0.0,1.0000340938568115,1.0000011920928955,0.026636695489287376,-0.00111074757296592,-0.02662782371044159,0.0012882089940831065,0.0,0.0,0.0,0.0,0.0,0.0,0.5999999642372131,0.9987263083457947,0.0
3.81778621673584,61.49135208129883,57.486785888671875,0.26636967062950134,-0.2652339041233063,-0.011217370629310608,0.01441451907157898,1.0000313520431519,1.0000011920928955,0.0,1.0,0.6108194589614868,-0.5937484502792358,0.0033363765105605125,0.0033333301544189453,0.0,0.9999973773956299,1.0000313520431519,1.0000011920928955,0.0,0.0,0.0,0.0,0.2665974199771881,0.265625,3.747770071029663,-0.15782618522644043,-3.7591629028320312,0.20429711043834686,0.0,0.0,0.0,0.0,1.0000313520431519,1.0000011920928955,0.02663697861135006,-0.0011217031860724092,-0.026628106832504272,0.0012991755502298474,0.0,0.0,0.0,0.0,0.0,0.0,0.5999999642372131,0.9987263083457947,0.0
3.821986198425293,61.79402160644531,57.486785888671875,0.2663726806640625,-0.265306293964386,-0.011325381696224213,0.013014450669288635,1.0000286102294922,1.0000011920928955,0.0,1.0,0.6108194589614868,-0.5937484502792358,0.003336346009746194,0.0033333301544189453,0.0,0.9999973773956299,1.0000286102294922,1.0000011920928955,0.0,0.0,0.0,0.0,0.2666057050228119,0.265625,3.7475788593292236,-0.1593359410762787,-3.7601888179779053,0.18445396423339844,0.0,0.0,0.0,0.0,1.0000286102294922,1.0000011920928955,0.026637284085154533,-0.001132533303461969,-0.026628414168953896,0.0013100168434903026,0.0,0.0,0.0,0.0,0.0,0.0,0.5999999642372131,0.9987263083457947,0.0
3.826186180114746,62.09669876098633,57.486785888671875,0.26637619733810425,-0.26537126302719116,-0.01143280416727066,0.011614039540290833,1.0000258684158325,1.000001072883606,0.0,1.0,0.6108194589614868,-0.5937484502792358,0.0033363152761012316,0.0033333301544189453,0.0,0.9999973773956299,1.0000258684158325,1.000001072883606,0.0,0.0,0.0,0.0,0.26661452651023865,0.265625,3.747380495071411,-0.16083668172359467,-3.7611098289489746,0.16460596024990082,0.0,0.0,0.0,0.0,1.0000258684158325,1.000001072883606,0.026637626811861992,-0.001143274363130331,-0.026628753170371056,0.0013207694282755256,0.0,0.0,0.0,0.0,0.0,0.0,0.5999999642372131,0.9987263083457947,0.0
3.830386161804199,62.39936828613281,57.486785888671875,0.26638007164001465,-0.2614900767803192,-0.011538468301296234,0.01696021854877472,1.0000232458114624,1.0000011920928955,0.0,1.0,0.6108194589614868,-0.5937484502792358,0.0033362817484885454,0.0033333301544189453,0.0,0.9999973773956299,1.0000232458114624,1.0000011920928955,0.0,0.0,0.0,0.0,0.26662367582321167,0.2620392143726349,3.747178316116333,-0.1623121052980423,-3.808225154876709,0.2470010370016098,0.0,0.0,0.0,0.0,1.0000232458114624,1.0000011920928955,0.026638004928827286,-0.0011538470862433314,-0.0266291331499815,0.001331354258581996,0.0,0.0,0.0,0.0,0.0,0.0,0.5999999642372131,0.9987263083457947,0.0
3.8345861434936523,62.7020378112793,57.486785888671875,0.2663830518722534,-0.26157593727111816,-0.011643394827842712,0.015579871833324432,1.0000206232070923,1.000001072883606,0.0,1.0,0.6108194589614868,-0.5937484502792358,0.0033362458925694227,0.0033333301544189453,0.0,0.9999973773956299,1.0000206232070923,1.000001072883606,0.0,0.0,0.0,0.0,0.2666319012641907,0.2620392143726349,3.7469887733459473,-0.1637779176235199,-3.8094756603240967,0.22689829766750336,0.0,0.0,0.0,0.0,1.0000206232070923,1.000001072883606,0.02663828432559967,-0.0011643519392237067,-0.026629412546753883,0.0013418698217719793,0.0,0.0,0.0,0.0,0.0,0.0,0.5999999642372131,0.9987263083457947,0.0
3.8387861251831055,63.00469207763672,57.486785888671875,0.26638564467430115,-0.2616545259952545,-0.011747382581233978,0.014199092984199524,1.0000180006027222,1.0000011920928955,0.0,1.0,0.6108194589614868,-0.5937484502792358,0.0033362149260938168,0.0033333301544189453,0.0,0.9999973773956299,1.0000180006027222,1.0000011920928955,0.0,0.0,0.0,0.0,0.26663973927497864,0.2620392143726349,3.74680495262146,-0.16523092985153198,-3.8106203079223633,0.20678924024105072,0.0,0.0,0.0,0.0,1.0000180006027222,1.0000011920928955,0.026638556271791458,-0.0011747737880796194,-0.02662968449294567,0.0013523021480068564,0.0,0.0,0.0,0.0,0.0,0.0,0.5999999642372131,0.9987263083457947,0.0
3.8429861068725586,63.30735397338867,57.486785888671875,0.26638850569725037,-0.26172584295272827,-0.011850312352180481,0.012817919254302979,1.0000154972076416,1.0000011920928955,0.0,1.0,0.6108194589614868,-0.5937484502792358,0.00333618582226336,0.0033333301544189453,0.0,0.9999973773956299,1.0000154972076416,1.0000011920928955,0.0,0.0,0.0,0.0,0.2666478157043457,0.2620392143726349,3.7466177940368652,-0.16666848957538605,-3.8116586208343506,0.18667450547218323,0.0,0.0,0.0,0.0,1.0000154972076416,1.0000011920928955,0.026638859882950783,-0.0011850192677229643,-0.026629984378814697,0.0013625586871057749,0.0,0.0,0.0,0.0,0.0,0.0,0.5999999642372131,0.9987263083457947,0.0
3.8471860885620117,63.610015869140625,57.486785888671875,0.2663920521736145,-0.26178982853889465,-0.011951923370361328,0.011436402797698975,1.000012993812561,1.0000011920928955,0.0,1.0,0.6108194589614868,-0.5937484502792358,0.003336156252771616,0.0033333301544189453,0.0,0.9999973773956299,1.000012993812561,1.0000011920928955,0.0,0.0,0.0,0.0,0.2666565775871277,0.2620392143726349,3.7464218139648438,-0.16808664798736572,-3.8125908374786377,0.16655467450618744,0.0,0.0,0.0,0.0,1.000012993812561,1.0000011920928955,0.02663918398320675,-0.0011952080531045794,-0.026630310341715813,0.0013727586483582854,0.0,0.0,0.0,0.0,0.0,0.0,0.5999999642372131,0.9987263083457947,0.0
3.851386070251465,63.91267395019531,57.486785888671875,0.26639536023139954,-0.27554357051849365,-0.012052848935127258,0.017573371529579163,1.000010371208191,1.0000011920928955,0.0,1.0,0.6108194589614868,-0.5937484502792358,0.003336122492328286,0.0033333301544189453,0.0,0.9999973773956299,1.000010371208191,1.0000011920928955,0.0,0.0,0.0,0.0,0.26666510105133057,0.27610307931900024,3.7462289333343506,-0.16949519515037537,-3.6144964694976807,0.23052211105823517,0.0,0.0,0.0,0.0,1.000010371208191,1.0000011920928955,0.0266395453363657,-0.0012052679667249322,-0.026630669832229614,0.0013828304363414645,0.0,0.0,0.0,0.0,0.0,0.0,0.5999999642372131,0.9987263083457947,0.0
3.855586051940918,64.21532440185547,57.486785888671875,0.26639771461486816,-0.2618959844112396,-0.012152232229709625,0.008672423660755157,1.0000079870224,1.0000011920928955,0.0,1.0,0.6108194589614868,-0.5937484502792358,0.003336090361699462,0.0033333301544189453,0.0,0.9999973773956299,1.0000079870224,1.0000011920928955,0.0,0.0,0.0,0.0,0.26667264103889465,0.2620392143726349,3.7460505962371826,-0.17088308930397034,-3.8141367435455322,0.1263013780117035,0.0,0.0,0.0,0.0,1.0000079870224,1.0000011920928955,0.026639798656105995,-0.0012152028502896428,-0.02663092315196991,0.001392775564454496,0.0,0.0,0.0,0.0,0.0,0.0,0.5999999642372131,0.9987263083457947,0.0
3.859786033630371,64.51797485351562,57.486785888671875,0.2664008140563965,-0.2582511901855469,-0.012249961495399475,0.014177873730659485,1.0000054836273193,1.0000011920928955,0.0,1.0,0.6108194589614868,-0.5937484502792358,0.0033360635861754417,0.0033333301544189453,0.0,0.9999973773956299,1.0000054836273193,1.0000011920928955,0.0,0.0,0.0,0.0,0.26668086647987366,0.25863978266716003,3.745863199234009,-0.17224670946598053,-3.860572338104248,0.2119436413049698,0.0,0.0,0.0,0.0,1.0000054836273193,1.0000011920928955,0.026640087366104126,-0.0012249781284481287,-0.02663121186196804,0.001402561436407268,0.0,0.0,0.0,0.0,0.0,0.0,0.5999999642372131,0.9987263083457947,0.0
3.863986015319824,64.82061767578125,57.486785888671875,0.2664039731025696,-0.25832241773605347,-0.012346796691417694,0.01281467080116272,1.0000030994415283,1.0000011920928955,0.0,1.0,0.6108194589614868,-0.5937484502792358,0.0033360321540385485,0.0033333301544189453,0.0,0.9999973773956299,1.0000030994415283,1.0000011920928955,0.0,0.0,0.0,0.0,0.26668912172317505,0.25863978266716003,3.7456753253936768,-0.17359761893749237,-3.8616373538970947,0.19156523048877716,0.0,0.0,0.0,0.0,1.0000030994415283,1.0000011920928955,0.02664039097726345,-0.0012347025331109762,-0.026631517335772514,0.0014122967841103673,0.0,0.0,0.0,0.0,0.0,0.0,0.5999999642372131,0.9987263083457947,0.0
3.8681859970092773,65.1232681274414,57.486785888671875,0.26640641689300537,-0.25838643312454224,-0.012443475425243378,0.011451102793216705,1.0000007152557373,1.000001072883606,0.0,1.0,0.6108194589614868,-0.5937484502792358,0.0033360018860548735,0.0033333301544189453,0.0,0.9999973773956299,1.0000007152557373,1.000001072883606,0.0,0.0,0.0,0.0,0.2666966915130615,0.25863978266716003,3.7454967498779297,-0.17494691908359528,-3.8625943660736084,0.17118144035339355,0.0,0.0,0.0,0.0,1.0000007152557373,1.000001072883606,0.026640644297003746,-0.0012443609302863479,-0.02663177065551281,0.0014219654258340597,0.0,0.0,0.0,0.0,0.0,0.0,0.5999999642372131,0.9987263083457947,0.0
3.8723859786987305,65.4259033203125,57.486785888671875,0.2664094567298889,-0.25844329595565796,-0.012538038194179535,0.01008722186088562,0.9999983906745911,1.0000011920928955,0.0,1.0,0.6108194589614868,-0.5937484502792358,0.0033359751105308533,0.0033333301544189453,0.0,0.9999973773956299,0.9999983906745911,1.0000011920928955,0.0,0.0,0.0,0.0,0.2667047679424286,0.25863978266716003,3.7453126907348633,-0.17626573145389557,-3.8634443283081055,0.1507928967475891,0.0,0.0,0.0,0.0,0.9999983906745911,1.0000011920928955,0.026640955358743668,-0.0012538093142211437,-0.026632076129317284,0.0014314246363937855,0.0,0.0,0.0,0.0,0.0,0.0,0.5999999642372131,0.9987263083457947,0.0
3.8765859603881836,65.7285385131836,57.486785888671875,0.2664123773574829,-0.25849291682243347,-0.012632332742214203,0.008723057806491852,0.9999960064888,1.0000011920928955,0.0,1.0,0.6108194589614868,-0.5937484502792358,0.0033359448425471783,0.0033333301544189453,0.0,0.9999973773956299,0.9999960064888,1.0000011920928955,0.0,0.0,0.0,0.0,0.2667127549648285,0.25863978266716003,3.745129108428955,-0.1775808036327362,-3.8641862869262695,0.13040019571781158,0.0,0.0,0.0,0.0,0.9999960064888,1.0000011920928955,0.026641249656677246,-0.0012632237048819661,-0.02663237228989601,0.0014408496208488941,0.0,0.0,0.0,0.0,0.0,0.0,0.5999999642372131,0.9987263083457947,0.0
3.8807859420776367,66.03117370605469,57.486785888671875,0.26641473174095154,-0.27250078320503235,-0.012725673615932465,0.014366403222084045,0.999993622303009,1.0000011920928955,0.0,1.0,0.6108194589614868,-0.5937484502792358,0.003335915971547365,0.0033333301544189453,0.0,0.9999973773956299,0.999993622303009,1.0000011920928955,0.0,0.0,0.0,0.0,0.2667202055454254,0.27287888526916504,3.7449536323547363,-0.1788829267024994,-3.6595513820648193,0.19293378293514252,0.0,0.0,0.0,0.0,0.999993622303009,1.0000011920928955,0.0266414824873209,-0.001272554392926395,-0.026632605120539665,0.0014501902041956782,0.0,0.0,0.0,0.0,0.0,0.0,0.5999999642372131,0.9987263083457947,0.0
3.88498592376709,66.33380126953125,57.486785888671875,0.26641762256622314,-0.26910582184791565,-0.01281701773405075,0.01992908865213394,0.9999912977218628,1.0000011920928955,0.0,1.0,0.6108194589614868,-0.5937484502792358,0.0033358903601765633,0.0033333301544189453,0.0,0.9999973773956299,0.9999912977218628,1.0000011920928955,0.0,0.0,0.0,0.0,0.26672807335853577,0.2698424458503723,3.7447731494903564,-0.180156409740448,-3.6957499980926514,0.2736950218677521,0.0,0.0,0.0,0.0,0.9999912977218628,1.0000011920928955,0.02664174698293209,-0.0012817422393709421,-0.026632869616150856,0.0014593882951885462,0.0,0.0,0.0,0.0,0.0,0.0,0.5999999642372131,0.9987263083457947,0.0
3.889185905456543,66.63643646240234,57.486785888671875,0.2664201855659485,-0.26920726895332336,-0.012908674776554108,0.018508508801460266,0.9999891519546509,1.0000011920928955,0.0,1.0,0.6108194589614868,-0.5937484502792358,0.003335861722007394,0.0033333301544189453,0.0,0.9999973773956299,0.9999891519546509,1.0000011920928955,0.0,0.0,0.0,0.0,0.26673561334609985,0.2698424458503723,3.7445969581604004,-0.18143440783023834,-3.697143077850342,0.25418561697006226,0.0,0.0,0.0,0.0,0.9999891519546509,1.0000011920928955,0.026642024517059326,-0.001290842774324119,-0.02663314715027809,0.0014684991911053658,0.0,0.0,0.0,0.0,0.0,0.0,0.5999999642372131,0.9987263083457947,0.0
3.893385887145996,66.9390640258789,57.486785888671875,0.26642316579818726,-0.2693012058734894,-0.012998439371585846,0.017087414860725403,0.9999868273735046,1.0000011920928955,0.0,1.0,0.6108194589614868,-0.5937484502792358,0.0033358356449753046,0.0033333301544189453,0.0,0.9999973773956299,0.9999868273735046,1.0000011920928955,0.0,0.0,0.0,0.0,0.26674357056617737,0.2698424458503723,3.744415760040283,-0.18268509209156036,-3.6984331607818604,0.23466910421848297,0.0,0.0,0.0,0.0,0.9999868273735046,1.0000011920928955,0.026642320677638054,-0.001299840398132801,-0.02663343958556652,0.0014775072922930121,0.0,0.0,0.0,0.0,0.0,0.0,0.5999999642372131,0.9987263083457947,0.0
3.897585868835449,67.24169158935547,57.486785888671875,0.26642554998397827,-0.2552773952484131,-0.013087421655654907,0.008954450488090515,0.999984622001648,1.000001072883606,0.0,1.0,0.6108194589614868,-0.5937484502792358,0.003335806308314204,0.0033333301544189453,0.0,0.9999973773956299,0.999984622001648,1.000001072883606,0.0,0.0,0.0,0.0,0.26675090193748474,0.2554340958595276,3.744243621826172,-0.18392570316791534,-3.9125020503997803,0.13724015653133392,0.0,0.0,0.0,0.0,0.999984622001648,1.000001072883606,0.026642564684152603,-0.0013087330153211951,-0.02663368545472622,0.0014864098047837615,0.0,0.0,0.0,0.0,0.0,0.0,0.5999999642372131,0.9987263083457947,0.0
3.9017858505249023,67.5443115234375,57.486785888671875,0.2664279341697693,-0.25532111525535583,-0.013174958527088165,0.007607020437717438,0.999982476234436,1.0000011920928955,0.0,1.0,0.6108194589614868,-0.5937484502792358,0.0033357813954353333,0.0033333301544189453,0.0,0.9999973773956299,0.999982476234436,1.0000011920928955,0.0,0.0,0.0,0.0,0.26675814390182495,0.2554340958595276,3.7440731525421143,-0.1851458102464676,-3.9131720066070557,0.1165887638926506,0.0,0.0,0.0,0.0,0.999982476234436,1.0000011920928955,0.02664278820157051,-0.00131751608569175,-0.026633907109498978,0.0014952023047953844,0.0,0.0,0.0,0.0,0.0,0.0,0.5999999642372131,0.9987263083457947,0.0
3.9059858322143555,67.84693908691406,57.486785888671875,0.26643073558807373,-0.2695379853248596,-0.013262316584587097,0.012821435928344727,0.9999802708625793,1.0000011920928955,0.0,1.0,0.6108194589614868,-0.5937484502792358,0.003335756016895175,0.0033333301544189453,0.0,0.9999973773956299,0.9999802708625793,1.0000011920928955,0.0,0.0,0.0,0.0,0.26676589250564575,0.2698424458503723,3.7438957691192627,-0.18636254966259003,-3.7016849517822266,0.1760825216770172,0.0,0.0,0.0,0.0,0.9999802708625793,1.0000011920928955,0.02664308249950409,-0.001326249330304563,-0.026634201407432556,0.0015039460267871618,0.0,0.0,0.0,0.0,0.0,0.0,0.5999999642372131,0.9987263083457947,0.0
3.9101858139038086,68.14955139160156,57.486785888671875,0.26643332839012146,-0.26635831594467163,-0.01334872841835022,0.018506035208702087,0.9999781250953674,1.0000011920928955,0.0,1.0,0.6108194589614868,-0.5937484502792358,0.003335728542879224,0.0033333301544189453,0.0,0.9999973773956299,0.9999781250953674,1.0000011920928955,0.0,0.0,0.0,0.0,0.2667733430862427,0.26700010895729065,3.743722677230835,-0.1875663697719574,-3.736314058303833,0.2595914900302887,0.0,0.0,0.0,0.0,0.9999781250953674,1.0000011920928955,0.026643335819244385,-0.001334869652055204,-0.02663445472717285,0.001512576243840158,0.0,0.0,0.0,0.0,0.0,0.0,0.5999999642372131,0.9987263083457947,0.0
3.9143857955932617,68.45217895507812,57.486785888671875,0.26643627882003784,-0.26645228266716003,-0.01343400776386261,0.01709999144077301,0.9999759793281555,1.000001072883606,0.0,1.0,0.6108194589614868,-0.5937484502792358,0.0033357026986777782,0.0033333301544189453,0.0,0.9999973773956299,0.9999759793281555,1.000001072883606,0.0,0.0,0.0,0.0,0.26678115129470825,0.26700010895729065,3.7435452938079834,-0.1887536346912384,-3.7376317977905273,0.2398683726787567,0.0,0.0,0.0,0.0,0.9999759793281555,1.000001072883606,0.02664363756775856,-0.0013433988206088543,-0.026634756475687027,0.0015211160061880946,0.0,0.0,0.0,0.0,0.0,0.0,0.5999999642372131,0.9987263083457947,0.0
3.918585777282715,68.75479125976562,57.486785888671875,0.26643896102905273,-0.2665388286113739,-0.01351841539144516,0.01569344848394394,0.9999738335609436,1.0000011920928955,0.0,1.0,0.6108194589614868,-0.5937484502792358,0.0033356742933392525,0.0033333301544189453,0.0,0.9999973773956299,0.9999738335609436,1.0000011920928955,0.0,0.0,0.0,0.0,0.26678866147994995,0.26700010895729065,3.7433722019195557,-0.18992893397808075,-3.7388460636138916,0.22013826668262482,0.0,0.0,0.0,0.0,0.9999738335609436,1.0000011920928955,0.02664390578866005,-0.0013518494088202715,-0.026635020971298218,0.001529576489701867,0.0,0.0,0.0,0.0,0.0,0.0,0.5999999642372131,0.9987263083457947,0.0
3.922785758972168,69.05740356445312,57.486785888671875,0.26644158363342285,-0.26661795377731323,-0.013602137565612793,0.014286480844020844,0.9999718070030212,1.0000011920928955,0.0,1.0,0.6108194589614868,-0.5937484502792358,0.0033356475178152323,0.0033333301544189453,0.0,0.9999973773956299,0.9999718070030212,1.0000011920928955,0.0,0.0,0.0,0.0,0.2667960822582245,0.26700010895729065,3.7432007789611816,-0.19109447300434113,-3.7399556636810303,0.20040220022201538,0.0,0.0,0.0,0.0,0.9999718070030212,1.0000011920928955,0.02664417400956154,-0.0013602033723145723,-0.026635289192199707,0.0015379403484985232,0.0,0.0,0.0,0.0,0.0,0.0,0.5999999642372131,0.9987263083457947,0.0
3.926985740661621,69.3600082397461,57.486785888671875,0.2664438486099243,-0.2635968029499054,-0.013684563338756561,0.020053356885910034,0.9999697208404541,1.000001072883606,0.0,1.0,0.6108194589614868,-0.5937484502792358,0.003335620742291212,0.0033333301544189453,0.0,0.9999973773956299,0.9999697208404541,1.000001072883606,0.0,0.0,0.0,0.0,0.266803115606308,0.26435819268226624,3.743034839630127,-0.19224238395690918,-3.7718515396118164,0.28694695234298706,0.0,0.0,0.0,0.0,0.9999697208404541,1.000001072883606,0.026644384488463402,-0.0013684441801160574,-0.02663550153374672,0.0015461904695257545,0.0,0.0,0.0,0.0,0.0,0.0,0.5999999642372131,0.9987263083457947,0.0
3.931185722351074,69.66261291503906,57.486785888671875,0.26644572615623474,-0.2667538821697235,-0.01376623660326004,0.011471383273601532,0.9999676942825317,1.0000011920928955,0.0,1.0,0.6108194589614868,-0.5937484502792358,0.003335596527904272,0.0033333301544189453,0.0,0.9999973773956299,0.9999676942825317,1.0000011920928955,0.0,0.0,0.0,0.0,0.26680973172187805,0.26700010895729065,3.7428760528564453,-0.19338014721870422,-3.7418627738952637,0.1609136313199997,0.0,0.0,0.0,0.0,0.9999676942825317,1.0000011920928955,0.026644572615623474,-0.0013766094343736768,-0.02663568966090679,0.001554364338517189,0.0,0.0,0.0,0.0,0.0,0.0,0.5999999642372131,0.9987263083457947,0.0
3.9353857040405273,69.96521759033203,57.486785888671875,0.2664482593536377,-0.26379379630088806,-0.013847164809703827,0.017269842326641083,0.9999656677246094,1.000001072883606,0.0,1.0,0.6108194589614868,-0.5937484502792358,0.003335575107485056,0.0033333301544189453,0.0,0.9999973773956299,0.9999656677246094,1.000001072883606,0.0,0.0,0.0,0.0,0.26681697368621826,0.26435819268226624,3.7427079677581787,-0.1945064216852188,-3.774670124053955,0.2471170872449875,0.0,0.0,0.0,0.0,0.9999656677246094,1.000001072883606,0.026644838973879814,-0.0013846921501681209,-0.026635954156517982,0.0015624569496139884,0.0,0.0,0.0,0.0,0.0,0.0,0.5999999642372131,0.9987263083457947,0.0
3.9395856857299805,70.267822265625,57.486785888671875,0.26645058393478394,-0.26388126611709595,-0.013926997780799866,0.015877313911914825,0.9999637007713318,1.0000011920928955,0.0,1.0,0.6108194589614868,-0.5937484502792358,0.0033355497289448977,0.0033333301544189453,0.0,0.9999973773956299,0.9999637007713318,1.0000011920928955,0.0,0.0,0.0,0.0,0.26682397723197937,0.26435819268226624,3.742544412612915,-0.19561758637428284,-3.7759222984313965,0.2271912395954132,0.0,0.0,0.0,0.0,0.9999637007713318,1.0000011920928955,0.026645055040717125,-0.0013926838291808963,-0.026636172086000443,0.0015704578254371881,0.0,0.0,0.0,0.0,0.0,0.0,0.5999999642372131,0.9987263083457947,0.0
3.9437856674194336,70.57041931152344,57.486785888671875,0.26645320653915405,-0.2639613747596741,-0.014005035161972046,0.014484383165836334,0.9999616742134094,1.000001072883606,0.0,1.0,0.6108194589614868,-0.5937484502792358,0.0033355269115418196,0.0033333301544189453,0.0,0.9999973773956299,0.9999616742134094,1.000001072883606,0.0,0.0,0.0,0.0,0.2668312191963196,0.26435819268226624,3.742377758026123,-0.1967029720544815,-3.7770683765411377,0.20725953578948975,0.0,0.0,0.0,0.0,0.9999616742134094,1.000001072883606,0.026645315811038017,-0.0014005005359649658,-0.026636430993676186,0.0015782843111082911,0.0,0.0,0.0,0.0,0.0,0.0,0.5999999642372131,0.9987263083457947,0.0
3.9479856491088867,70.87301635742188,57.486785888671875,0.26645520329475403,-0.2640341520309448,-0.01408345252275467,0.013091027736663818,0.9999598264694214,1.0000011920928955,0.0,1.0,0.6108194589614868,-0.5937484502792358,0.0033355008345097303,0.0033333301544189453,0.0,0.9999973773956299,0.9999598264694214,1.0000011920928955,0.0,0.0,0.0,0.0,0.26683783531188965,0.26435819268226624,3.742220163345337,-0.19779449701309204,-3.7781097888946533,0.18732178211212158,0.0,0.0,0.0,0.0,0.9999598264694214,1.0000011920928955,0.02664552628993988,-0.0014083257410675287,-0.0266366396099329,0.001586118363775313,0.0,0.0,0.0,0.0,0.0,0.0,0.5999999642372131,0.9987263083457947,0.0
3.95218563079834,71.17561340332031,57.486785888671875,0.26645761728286743,-0.2640995681285858,-0.014159709215164185,0.011697329580783844,0.999957799911499,1.000001072883606,0.0,1.0,0.6108194589614868,-0.5937484502792358,0.003335479646921158,0.0033333301544189453,0.0,0.9999973773956299,0.999957799911499,1.000001072883606,0.0,0.0,0.0,0.0,0.26684483885765076,0.26435819268226624,3.742058277130127,-0.19885511696338654,-3.779045820236206,0.16737903654575348,0.0,0.0,0.0,0.0,0.999957799911499,1.000001072883606,0.026645740494132042,-0.001416006125509739,-0.02663685381412506,0.0015938077121973038,0.0,0.0,0.0,0.0,0.0,0.0,0.5999999642372131,0.9987263083457947,0.0
3.956385612487793,71.47821044921875,57.486785888671875,0.2664599120616913,-0.2613319158554077,-0.014236651360988617,0.01758686453104019,0.9999558925628662,1.000001072883606,0.0,1.0,0.6108194589614868,-0.5937484502792358,0.0033354556653648615,0.0033333301544189453,0.0,0.9999973773956299,0.9999558925628662,1.000001072883606,0.0,0.0,0.0,0.0,0.2668517231941223,0.2619227170944214,3.7418971061706543,-0.19992533326148987,-3.8093080520629883,0.2563551366329193,0.0,0.0,0.0,0.0,0.9999558925628662,1.000001072883606,0.026645991951227188,-0.0014236861607059836,-0.026637105271220207,0.0016014972934499383,0.0,0.0,0.0,0.0,0.0,0.0,0.5999999642372131,0.9987263083457947,0.0
3.960585594177246,71.78079986572266,57.486785888671875,0.26646190881729126,-0.2614211142063141,-0.014312252402305603,0.016207344830036163,0.9999540448188782,1.000001072883606,0.0,1.0,0.6108194589614868,-0.5937484502792358,0.0033354326151311398,0.0033333301544189453,0.0,0.9999973773956299,0.9999540448188782,1.000001072883606,0.0,0.0,0.0,0.0,0.2668582797050476,0.2619227170944214,3.741741418838501,-0.2009771466255188,-3.81060791015625,0.23624657094478607,0.0,0.0,0.0,0.0,0.9999540448188782,1.000001072883606,0.026646200567483902,-0.0014312464045360684,-0.02663731388747692,0.001609066384844482,0.0,0.0,0.0,0.0,0.0,0.0,0.5999999642372131,0.9987263083457947,0.0
3.964785575866699,72.08338928222656,57.486785888671875,0.26646456122398376,-0.2761290371417999,-0.014386922121047974,0.020324721932411194,0.9999521970748901,1.0000011920928955,0.0,1.0,0.6108194589614868,-0.5937484502792358,0.0033354111947119236,0.0033333301544189453,0.0,0.9999973773956299,0.9999521970748901,1.0000011920928955,0.0,0.0,0.0,0.0,0.26686543226242065,0.27687570452690125,3.7415783405303955,-0.20201484858989716,-3.6019887924194336,0.265127569437027,0.0,0.0,0.0,0.0,0.9999521970748901,1.0000011920928955,0.026646453887224197,-0.0014386953553184867,-0.026637563481926918,0.0016165245324373245,0.0,0.0,0.0,0.0,0.0,0.0,0.5999999642372131,0.9987263083457947,0.0
3.9689855575561523,72.38597869873047,57.486785888671875,0.2664671242237091,-0.2588675618171692,-0.014460936188697815,0.020774416625499725,0.9999502897262573,1.000001072883606,0.0,1.0,0.6108194589614868,-0.5937484502792358,0.003335386049002409,0.0033333301544189453,0.0,0.9999973773956299,0.9999502897262573,1.000001072883606,0.0,0.0,0.0,0.0,0.26687249541282654,0.2596995234489441,3.7414159774780273,-0.20304341614246368,-3.838268280029297,0.30802538990974426,0.0,0.0,0.0,0.0,0.9999502897262573,1.000001072883606,0.026646718382835388,-0.0014460926176980138,-0.02663782797753811,0.0016239313408732414,0.0,0.0,0.0,0.0,0.0,0.0,0.5999999642372131,0.9987263083457947,0.0
3.9731855392456055,72.68856048583984,57.486785888671875,0.2664690613746643,-0.26164495944976807,-0.014534145593643188,0.012066252529621124,0.9999485611915588,1.000001072883606,0.0,1.0,0.6108194589614868,-0.5937484502792358,0.0033353616017848253,0.0033333301544189453,0.0,0.9999973773956299,0.9999485611915588,1.000001072883606,0.0,0.0,0.0,0.0,0.2668788731098175,0.2619227170944214,3.741264581680298,-0.20406152307987213,-3.813870668411255,0.17588384449481964,0.0,0.0,0.0,0.0,0.9999485611915588,1.000001072883606,0.026646915823221207,-0.0014533831272274256,-0.026638029143214226,0.0016312303487211466,0.0,0.0,0.0,0.0,0.0,0.0,0.5999999642372131,0.9987263083457947,0.0
3.9773855209350586,72.99114227294922,57.486785888671875,0.2664707601070404,-0.27641621232032776,-0.014606267213821411,0.015950240194797516,0.9999467730522156,1.0000011920928955,0.0,1.0,0.6108194589614868,-0.5937484502792358,0.00333534087985754,0.0033333301544189453,0.0,0.9999973773956299,0.9999467730522156,1.0000011920928955,0.0,0.0,0.0,0.0,0.266884982585907,0.27687570452690125,3.741117000579834,-0.20506472885608673,-3.6057350635528564,0.20806433260440826,0.0,0.0,0.0,0.0,0.9999467730522156,1.0000011920928955,0.026647081598639488,-0.0014606126351282,-0.026638193055987358,0.001638468005694449,0.0,0.0,0.0,0.0,0.0,0.0,0.5999999642372131,0.9987263083457947,0.0
3.9815855026245117,73.2937240600586,57.486785888671875,0.2664729356765747,-0.27390289306640625,-0.014677554368972778,0.021860532462596893,0.9999449849128723,1.0000011920928955,0.0,1.0,0.6108194589614868,-0.5937484502792358,0.0033353210892528296,0.0033333301544189453,0.0,0.9999973773956299,0.9999449849128723,1.0000011920928955,0.0,0.0,0.0,0.0,0.2668915390968323,0.274773508310318,3.7409636974334717,-0.20605550706386566,-3.6278293132781982,0.2895416021347046,0.0,0.0,0.0,0.0,0.9999449849128723,1.0000011920928955,0.026647288352251053,-0.001467774505726993,-0.026638401672244072,0.001645638607442379,0.0,0.0,0.0,0.0,0.0,0.0,0.5999999642372131,0.9987263083457947,0.0
3.985785484313965,73.59630584716797,57.486785888671875,0.26647496223449707,-0.25924843549728394,-0.014747895300388336,0.015305109322071075,0.999943196773529,1.0000011920928955,0.0,1.0,0.6108194589614868,-0.5937484502792358,0.003335299203172326,0.0033333301544189453,0.0,0.9999973773956299,0.999943196773529,1.0000011920928955,0.0,0.0,0.0,0.0,0.26689791679382324,0.2596995234489441,3.7408134937286377,-0.20703311264514923,-3.8439154624938965,0.22693116962909698,0.0,0.0,0.0,0.0,0.999943196773529,1.0000011920928955,0.02664748765528202,-0.0014748036628589034,-0.02663859724998474,0.0016526762628927827,0.0,0.0,0.0,0.0,0.0,0.0,0.5999999642372131,0.9987263083457947,0.0
3.989985466003418,73.89888000488281,57.486785888671875,0.2664773762226105,-0.2741183638572693,-0.01481800526380539,0.018968135118484497,0.9999414086341858,1.0000011920928955,0.0,1.0,0.6108194589614868,-0.5937484502792358,0.003335278946906328,0.0033333301544189453,0.0,0.9999973773956299,0.9999414086341858,1.0000011920928955,0.0,0.0,0.0,0.0,0.26690468192100525,0.274773508310318,3.7406575679779053,-0.20800679922103882,-3.630683183670044,0.25123196840286255,0.0,0.0,0.0,0.0,0.9999414086341858,1.0000011920928955,0.026647726073861122,-0.0014818275813013315,-0.026638835668563843,0.0016597090288996696,0.0,0.0,0.0,0.0,0.0,0.0,0.5999999642372131,0.9987263083457947,0.0
3.994185447692871,74.20146179199219,57.486785888671875,0.26647937297821045,-0.2593955397605896,-0.014887645840644836,0.012567758560180664,0.9999396800994873,1.0000011920928955,0.0,1.0,0.6108194589614868,-0.5937484502792358,0.0033352558966726065,0.0033333301544189453,0.0,0.9999973773956299,0.9999396800994873,1.0000011920928955,0.0,0.0,0.0,0.0,0.26691102981567383,0.2596995234489441,3.7405078411102295,-0.20897434651851654,-3.8460965156555176,0.1863439977169037,0.0,0.0,0.0,0.0,0.9999396800994873,1.0000011920928955,0.026647930964827538,-0.0014887858415022492,-0.026639042422175407,0.001666675671003759,0.0,0.0,0.0,0.0,0.0,0.0,0.5999999642372131,0.9987263083457947,0.0
3.998385429382324,74.50403594970703,57.486785888671875,0.2664816081523895,-0.2594582736492157,-0.014956578612327576,0.011198528110980988,0.9999380111694336,1.0000011920928955,0.0,1.0,0.6108194589614868,-0.5937484502792358,0.003335235407575965,0.0033333301544189453,0.0,0.9999973773956299,0.9999380111694336,1.0000011920928955,0.0,0.0,0.0,0.0,0.26691755652427673,0.2596995234489441,3.740356206893921,-0.20993167161941528,-3.8470265865325928,0.1660422533750534,0.0,0.0,0.0,0.0,0.9999380111694336,1.0000011920928955,0.026648161932826042,-0.0014956429367884994,-0.026639267802238464,0.0016735418466851115,0.0,0.0,0.0,0.0,0.0,0.0,0.5999999642372131,0.9987263083457947,0.0
4.002585411071777,74.80660247802734,57.486785888671875,0.26648369431495667,-0.2719859778881073,-0.015023745596408844,0.022060919553041458,0.9999362826347351,1.0000011920928955,0.0,1.0,0.6108194589614868,-0.5937484502792358,0.003335213055834174,0.0033333301544189453,0.0,0.9999973773956299,0.9999362826347351,1.0000011920928955,0.0,0.0,0.0,0.0,0.2669238746166229,0.27287888526916504,3.740208625793457,-0.21086446940898895,-3.6526381969451904,0.2962673008441925,0.0,0.0,0.0,0.0,0.9999362826347351,1.0000011920928955,0.026648366823792458,-0.0015023734886199236,-0.026639476418495178,0.0016802804311737418,0.0,0.0,0.0,0.0,0.0,0.0,0.5999999642372131,0.9987263083457947,0.0
4.0067853927612305,75.10916900634766,57.486785888671875,0.2664850950241089,-0.25720298290252686,-0.01509002223610878,0.015907008200883865,0.9999346733093262,1.0000011920928955,0.0,1.0,0.6108194589614868,-0.5937484502792358,0.003335192333906889,0.0033333301544189453,0.0,0.9999973773956299,0.9999346733093262,1.0000011920928955,0.0,0.0,0.0,0.0,0.2669294476509094,0.2576940953731537,3.740072011947632,-0.21178586781024933,-3.8731741905212402,0.23954083025455475,0.0,0.0,0.0,0.0,0.9999346733093262,1.0000011920928955,0.026648512110114098,-0.0015090240631252527,-0.02663961984217167,0.0016869386890903115,0.0,0.0,0.0,0.0,0.0,0.0,0.5999999642372131,0.9987263083457947,0.0
4.010985374450684,75.4117431640625,57.486785888671875,0.2664875388145447,-0.2722036838531494,-0.015156000852584839,0.01918872445821762,0.9999330043792725,1.0000011920928955,0.0,1.0,0.6108194589614868,-0.5937484502792358,0.0033351751044392586,0.0033333301544189453,0.0,0.9999973773956299,0.9999330043792725,1.0000011920928955,0.0,0.0,0.0,0.0,0.2669360339641571,0.27287888526916504,3.7399210929870605,-0.21270135045051575,-3.655561685562134,0.25769516825675964,0.0,0.0,0.0,0.0,0.9999330043792725,1.0000011920928955,0.026648754253983498,-0.0015155836008489132,-0.02663986198604107,0.0016935070743784308,0.0,0.0,0.0,0.0,0.0,0.0,0.5999999642372131,0.9987263083457947,0.0
4.015185356140137,75.71430206298828,57.486785888671875,0.26648885011672974,-0.27002087235450745,-0.015222065150737762,0.025224119424819946,0.9999313950538635,1.0000011920928955,0.0,1.0,0.6108194589614868,-0.5937484502792358,0.0033351522870361805,0.0033333301544189453,0.0,0.9999973773956299,0.9999313950538635,1.0000011920928955,0.0,0.0,0.0,0.0,0.26694154739379883,0.2711961567401886,3.7397851943969727,-0.21361961960792542,-3.6713876724243164,0.3429643213748932,0.0,0.0,0.0,0.0,0.9999313950538635,1.0000011920928955,0.026648899540305138,-0.0015221846988424659,-0.02664000727236271,0.0017001157393679023,0.0,0.0,0.0,0.0,0.0,0.0,0.5999999642372131,0.9987263083457947,0.0
4.01938533782959,76.0168685913086,57.486785888671875,0.2664908766746521,-0.25518175959587097,-0.015286318957805634,0.01931697130203247,0.9999297857284546,1.0000011920928955,0.0,1.0,0.6108194589614868,-0.5937484502792358,0.0033351369202136993,0.0033333301544189453,0.0,0.9999973773956299,0.9999297857284546,1.0000011920928955,0.0,0.0,0.0,0.0,0.2669476568698883,0.25591155886650085,3.739642381668091,-0.21451152861118317,-3.896456718444824,0.29495739936828613,0.0,0.0,0.0,0.0,0.9999297857284546,1.0000011920928955,0.02664908580482006,-0.0015286379493772984,-0.026640191674232483,0.001706576906144619,0.0,0.0,0.0,0.0,0.0,0.0,0.5999999642372131,0.9987263083457947,0.0
4.023585319519043,76.3194351196289,57.486785888671875,0.26649290323257446,-0.2713727653026581,-0.01535061001777649,0.01862451806664467,0.9999281167984009,1.0000011920928955,0.0,1.0,0.6108194589614868,-0.5937484502792358,0.003335116431117058,0.0033333301544189453,0.0,0.9999973773956299,0.9999281167984009,1.0000011920928955,0.0,0.0,0.0,0.0,0.26695385575294495,0.27201077342033386,3.7394979000091553,-0.2154037356376648,-3.667701482772827,0.25171712040901184,0.0,0.0,0.0,0.0,0.9999281167984009,1.0000011920928955,0.02664930187165737,-0.0015350570902228355,-0.026640409603714943,0.0017130043124780059,0.0,0.0,0.0,0.0,0.0,0.0,0.5999999642372131,0.9987263083457947,0.0
4.027785301208496,76.62199401855469,57.486785888671875,0.2664952874183655,-0.2564522922039032,-0.015413552522659302,0.012868579477071762,0.9999266266822815,1.0000011920928955,0.0,1.0,0.6108194589614868,-0.5937484502792358,0.003335097339004278,0.0033333301544189453,0.0,0.9999973773956299,0.9999266266822815,1.0000011920928955,0.0,0.0,0.0,0.0,0.2669602334499359,0.2567746639251709,3.739351987838745,-0.2162766456604004,-3.889575958251953,0.19517596065998077,0.0,0.0,0.0,0.0,0.9999266266822815,1.0000011920928955,0.02664954774081707,-0.0015413265209645033,-0.026640653610229492,0.0017192823579534888,0.0,0.0,0.0,0.0,0.0,0.0,0.5999999642372131,0.9987263083457947,0.0
4.031985282897949,76.92455291748047,57.486785888671875,0.2664966583251953,-0.2554556131362915,-0.015476841479539871,0.015274271368980408,0.9999250769615173,1.0000011920928955,0.0,1.0,0.6108194589614868,-0.5937484502792358,0.0033350749872624874,0.0033333301544189453,0.0,0.9999973773956299,0.9999250769615173,1.0000011920928955,0.0,0.0,0.0,0.0,0.26696568727493286,0.25591155886650085,3.7392187118530273,-0.21715575456619263,-3.9006383419036865,0.23322804272174835,0.0,0.0,0.0,0.0,0.9999250769615173,1.0000011920928955,0.02664966881275177,-0.0015476818662136793,-0.026640772819519043,0.0017256448045372963,0.0,0.0,0.0,0.0,0.0,0.0,0.5999999642372131,0.9987263083457947,0.0
4.036185264587402,77.22710418701172,57.486785888671875,0.26649877429008484,-0.2555326521396637,-0.01553802564740181,0.013925813138484955,0.9999234676361084,1.000001072883606,0.0,1.0,0.6108194589614868,-0.5937484502792358,0.003335059154778719,0.0033333301544189453,0.0,0.9999973773956299,0.9999234676361084,1.000001072883606,0.0,0.0,0.0,0.0,0.26697179675102234,0.25591155886650085,3.739077568054199,-0.21800431609153748,-3.9018144607543945,0.21263791620731354,0.0,0.0,0.0,0.0,0.9999234676361084,1.000001072883606,0.026649881154298782,-0.0015537948347628117,-0.026640987023711205,0.0017317658057436347,0.0,0.0,0.0,0.0,0.0,0.0,0.5999999642372131,0.9987263083457947,0.0
4.0403852462768555,77.5296630859375,57.486785888671875,0.2665000557899475,-0.270684152841568,-0.01559918001294136,0.016662098467350006,0.9999220371246338,1.0000011920928955,0.0,1.0,0.6108194589614868,-0.5937484502792358,0.0033350384328514338,0.0033333301544189453,0.0,0.9999973773956299,0.9999220371246338,1.0000011920928955,0.0,0.0,0.0,0.0,0.2669770121574402,0.2711961567401886,3.7389490604400635,-0.21885371208190918,-3.680405855178833,0.22654922306537628,0.0,0.0,0.0,0.0,0.9999220371246338,1.0000011920928955,0.026650017127394676,-0.001559918629936874,-0.02664112113416195,0.0017378967022523284,0.0,0.0,0.0,0.0,0.0,0.0,0.5999999642372131,0.9987263083457947,0.0
4.044585227966309,77.83221435546875,57.486785888671875,0.2665024697780609,-0.26876556873321533,-0.015659432858228683,0.022784680128097534,0.9999204277992249,1.0000011920928955,0.0,1.0,0.6108194589614868,-0.5937484502792358,0.00333502353169024,0.0033333301544189453,0.0,0.9999973773956299,0.9999204277992249,1.0000011920928955,0.0,0.0,0.0,0.0,0.26698338985443115,0.2697293162345886,3.738804817199707,-0.21968859434127808,-3.694173812866211,0.31317463517189026,0.0,0.0,0.0,0.0,0.9999204277992249,1.0000011920928955,0.026650235056877136,-0.001565969898365438,-0.02664133906364441,0.001743956352584064,0.0,0.0,0.0,0.0,0.0,0.0,0.5999999642372131,0.9987263083457947,0.0
4.048785209655762,78.134765625,57.486785888671875,0.26650404930114746,-0.2698635160923004,-0.01571926847100258,0.0175849087536335,0.9999189376831055,1.0000011920928955,0.0,1.0,0.6108194589614868,-0.5937484502792358,0.003335001412779093,0.0033333301544189453,0.0,0.9999973773956299,0.9999189376831055,1.0000011920928955,0.0,0.0,0.0,0.0,0.2669889032840729,0.27043554186820984,3.7386727333068848,-0.22051897644996643,-3.68991756439209,0.24044322967529297,0.0,0.0,0.0,0.0,0.9999189376831055,1.0000011920928955,0.02665039896965027,-0.0015719281509518623,-0.02664150297641754,0.0017499219393357635,0.0,0.0,0.0,0.0,0.0,0.0,0.5999999642372131,0.9987263083457947,0.0
4.052985191345215,78.43731689453125,57.486785888671875,0.2665055990219116,-0.254808247089386,-0.015778936445713043,0.012314513325691223,0.9999175071716309,1.0000011920928955,0.0,1.0,0.6108194589614868,-0.5937484502792358,0.0033349846489727497,0.0033333301544189453,0.0,0.9999973773956299,0.9999175071716309,1.0000011920928955,0.0,0.0,0.0,0.0,0.26699429750442505,0.2551053464412689,3.738542318344116,-0.22134701907634735,-3.915383815765381,0.18922482430934906,0.0,0.0,0.0,0.0,0.9999175071716309,1.0000011920928955,0.0266505666077137,-0.001577864051796496,-0.026641670614480972,0.001755865290760994,0.0,0.0,0.0,0.0,0.0,0.0,0.5999999642372131,0.9987263083457947,0.0
4.057185173034668,78.7398681640625,57.486785888671875,0.2665073275566101,-0.2690926194190979,-0.015838082879781723,0.01852646842598915,0.9999160170555115,1.0000011920928955,0.0,1.0,0.6108194589614868,-0.5937484502792358,0.003334967652335763,0.0033333301544189453,0.0,0.9999973773956299,0.9999160170555115,1.0000011920928955,0.0,0.0,0.0,0.0,0.2669999599456787,0.2697293162345886,3.7384088039398193,-0.22216732800006866,-3.698669195175171,0.2546457350254059,0.0,0.0,0.0,0.0,0.9999160170555115,1.0000011920928955,0.026650739833712578,-0.001583776669576764,-0.02664184384047985,0.001761785359121859,0.0,0.0,0.0,0.0,0.0,0.0,0.5999999642372131,0.9987263083457947,0.0
4.061385154724121,79.04241180419922,57.486785888671875,0.2665097117424011,-0.26918667554855347,-0.015894874930381775,0.017105985432863235,0.9999145865440369,1.0000011920928955,0.0,1.0,0.6108194589614868,-0.5937484502792358,0.0033349504228681326,0.0033333301544189453,0.0,0.9999973773956299,0.9999145865440369,1.0000011920928955,0.0,0.0,0.0,0.0,0.2670060992240906,0.2697293162345886,3.7382700443267822,-0.2229536920785904,-3.6999616622924805,0.23512116074562073,0.0,0.0,0.0,0.0,0.9999145865440369,1.0000011920928955,0.02665097452700138,-0.0015894778771325946,-0.026642078533768654,0.0017674947157502174,0.0,0.0,0.0,0.0,0.0,0.0,0.5999999642372131,0.9987263083457947,0.0
4.065585136413574,79.344970703125,57.486785888671875,0.2665116488933563,-0.2683717906475067,-0.015952520072460175,0.019485846161842346,0.9999131560325623,1.0000011920928955,0.0,1.0,0.6108194589614868,-0.5937484502792358,0.0033349287696182728,0.0033333301544189453,0.0,0.9999973773956299,0.9999131560325623,1.0000011920928955,0.0,0.0,0.0,0.0,0.2670118510723114,0.26907795667648315,3.7381365299224854,-0.2237526774406433,-3.706641435623169,0.26913052797317505,0.0,0.0,0.0,0.0,0.9999131560325623,1.0000011920928955,0.02665117383003235,-0.0015952236717566848,-0.026642275974154472,0.00177324831020087,0.0,0.0,0.0,0.0,0.0,0.0,0.5999999642372131,0.9987263083457947,0.0
4.069785118103027,79.64750671386719,57.486785888671875,0.266513466835022,-0.2684709131717682,-0.016009215265512466,0.018069148063659668,0.9999117255210876,1.0000011920928955,0.0,1.0,0.6108194589614868,-0.5937484502792358,0.0033349101431667805,0.0033333301544189453,0.0,0.9999973773956299,0.9999117255210876,1.0000011920928955,0.0,0.0,0.0,0.0,0.2670174241065979,0.26907795667648315,3.7380056381225586,-0.22453851997852325,-3.70801043510437,0.24956369400024414,0.0,0.0,0.0,0.0,0.9999117255210876,1.0000011920928955,0.02665134146809578,-0.0016009145183488727,-0.026642445474863052,0.0017789462581276894,0.0,0.0,0.0,0.0,0.0,0.0,0.5999999642372131,0.9987263083457947,0.0
4.0739850997924805,79.9500503540039,57.486785888671875,0.26651448011398315,-0.26856252551078796,-0.016065340489149094,0.016651954501867294,0.999910295009613,1.0000011920928955,0.0,1.0,0.6108194589614868,-0.5937484502792358,0.003334891051054001,0.0033333301544189453,0.0,0.9999973773956299,0.999910295009613,1.0000011920928955,0.0,0.0,0.0,0.0,0.26702219247817993,0.26907795667648315,3.7378861904144287,-0.22531762719154358,-3.709275722503662,0.22998997569084167,0.0,0.0,0.0,0.0,0.999910295009613,1.0000011920928955,0.026651447638869286,-0.0016065314412117004,-0.02664254978299141,0.0017845695838332176,0.0,0.0,0.0,0.0,0.0,0.0,0.5999999642372131,0.9987263083457947,0.0
4.078185081481934,80.25259399414062,57.486785888671875,0.26651614904403687,-0.2678055763244629,-0.016121238470077515,0.01904890686273575,0.999908983707428,1.0000011920928955,0.0,1.0,0.6108194589614868,-0.5937484502792358,0.0033348777797073126,0.0033333301544189453,0.0,0.9999973773956299,0.999908983707428,1.0000011920928955,0.0,0.0,0.0,0.0,0.2670275866985321,0.26848188042640686,3.7377586364746094,-0.22609251737594604,-3.715264081954956,0.2642652988433838,0.0,0.0,0.0,0.0,0.999908983707428,1.0000011920928955,0.02665160968899727,-0.0016121466178447008,-0.026642709970474243,0.0017901919782161713,0.0,0.0,0.0,0.0,0.0,0.0,0.5999999642372131,0.9987263083457947,0.0
4.082385063171387,80.55513763427734,57.486785888671875,0.2665182054042816,-0.2679024040699005,-0.016176436096429825,0.017635207623243332,0.9999075531959534,1.0000011920928955,0.0,1.0,0.6108194589614868,-0.5937484502792358,0.0033348603174090385,0.0033333301544189453,0.0,0.9999973773956299,0.9999075531959534,1.0000011920928955,0.0,0.0,0.0,0.0,0.2670333683490753,0.26848188042640686,3.737626075744629,-0.22685681283473969,-3.716607093811035,0.24465301632881165,0.0,0.0,0.0,0.0,0.9999075531959534,1.0000011920928955,0.026651814579963684,-0.0016176690114662051,-0.026642916724085808,0.0017957220552489161,0.0,0.0,0.0,0.0,0.0,0.0,0.5999999642372131,0.9987263083457947,0.0
4.08658504486084,80.857666015625,57.486785888671875,0.2665197551250458,-0.26799172163009644,-0.016230285167694092,0.01622101664543152,0.9999062418937683,1.0000011920928955,0.0,1.0,0.6108194589614868,-0.5937484502792358,0.00333484192378819,0.0033333301544189453,0.0,0.9999973773956299,0.9999062418937683,1.0000011920928955,0.0,0.0,0.0,0.0,0.2670385241508484,0.26848188042640686,3.7375030517578125,-0.22760318219661713,-3.717846155166626,0.22503399848937988,0.0,0.0,0.0,0.0,0.9999062418937683,1.0000011920928955,0.026651976630091667,-0.0016230195760726929,-0.02664307691156864,0.0018010794883593917,0.0,0.0,0.0,0.0,0.0,0.0,0.5999999642372131,0.9987263083457947,0.0
4.090785026550293,81.16020202636719,57.486785888671875,0.2665213942527771,-0.2672930061817169,-0.016284432262182236,0.01863383874297142,0.9999048709869385,1.0000011920928955,0.0,1.0,0.6108194589614868,-0.5937484502792358,0.0033348258584737778,0.0033333301544189453,0.0,0.9999973773956299,0.9999048709869385,1.0000011920928955,0.0,0.0,0.0,0.0,0.2670438289642334,0.267941415309906,3.737377643585205,-0.22835345566272736,-3.7231273651123047,0.25955095887184143,0.0,0.0,0.0,0.0,0.9999048709869385,1.0000011920928955,0.0266521405428648,-0.0016284326557070017,-0.026643240824341774,0.001806499669328332,0.0,0.0,0.0,0.0,0.0,0.0,0.5999999642372131,0.9987263083457947,0.0
4.094985008239746,81.4627456665039,57.486785888671875,0.2665230631828308,-0.26738762855529785,-0.016337435692548752,0.017222844064235687,0.9999035596847534,1.0000011920928955,0.0,1.0,0.6108194589614868,-0.5937484502792358,0.003334808861836791,0.0033333301544189453,0.0,0.9999973773956299,0.9999035596847534,1.0000011920928955,0.0,0.0,0.0,0.0,0.26704907417297363,0.267941415309906,3.7372539043426514,-0.22908765077590942,-3.724445343017578,0.239897221326828,0.0,0.0,0.0,0.0,0.9999035596847534,1.0000011920928955,0.02665230631828308,-0.001633762731216848,-0.026643408462405205,0.0018118368461728096,0.0,0.0,0.0,0.0,0.0,0.0,0.5999999642372131,0.9987263083457947,0.0
4.099184989929199,81.76527404785156,57.486785888671875,0.2665252387523651,-0.2674747705459595,-0.01638943701982498,0.01581137627363205,0.9999022483825684,1.0000011920928955,0.0,1.0,0.6108194589614868,-0.5937484502792358,0.003334792098030448,0.0033333301544189453,0.0,0.9999973773956299,0.9999022483825684,1.0000011920928955,0.0,0.0,0.0,0.0,0.2670547664165497,0.267941415309906,3.7371249198913574,-0.229807049036026,-3.7256596088409424,0.2202368527650833,0.0,0.0,0.0,0.0,0.9999022483825684,1.0000011920928955,0.02665252424776554,-0.0016389249358326197,-0.026643622666597366,0.0018170065013691783,0.0,0.0,0.0,0.0,0.0,0.0,0.5999999642372131,0.9987263083457947,0.0
4.103384971618652,82.06781005859375,57.486785888671875,0.26652616262435913,-0.2668346166610718,-0.016442103311419487,0.018238801509141922,0.9999009370803833,1.0000011920928955,0.0,1.0,0.6108194589614868,-0.5937484502792358,0.0033347723074257374,0.0033333301544189453,0.0,0.9999973773956299,0.9999009370803833,1.0000011920928955,0.0,0.0,0.0,0.0,0.2670592963695526,0.26745691895484924,3.737011432647705,-0.23053766787052155,-3.7302205562591553,0.2549697458744049,0.0,0.0,0.0,0.0,0.9999009370803833,1.0000011920928955,0.02665262296795845,-0.0016441931948065758,-0.026643723249435425,0.001822281046770513,0.0,0.0,0.0,0.0,0.0,0.0,0.5999999642372131,0.9987263083457947,0.0
4.1075849533081055,82.3703384399414,57.486785888671875,0.2665277421474457,-0.26622751355171204,-0.016492916271090508,0.020673327147960663,0.9998996257781982,1.0000011920928955,0.0,1.0,0.6108194589614868,-0.5937484502792358,0.0033347602002322674,0.0033333301544189453,0.0,0.9999973773956299,0.9998996257781982,1.0000011920928955,0.0,0.0,0.0,0.0,0.2670643627643585,0.26702868938446045,3.7368922233581543,-0.2312414050102234,-3.733680248260498,0.28993090987205505,0.0,0.0,0.0,0.0,0.9998996257781982,1.0000011920928955,0.026652777567505836,-0.0016492943977937102,-0.026643875986337662,0.0018273890018463135,0.0,0.0,0.0,0.0,0.0,0.0,0.5999999642372131,0.9987263083457947,0.0
4.111784934997559,82.67285919189453,57.486785888671875,0.26652875542640686,-0.2663329243659973,-0.01654413342475891,0.019267933443188667,0.999898374080658,1.000001072883606,0.0,1.0,0.6108194589614868,-0.5937484502792358,0.0033347432035952806,0.0033333301544189453,0.0,0.9999973773956299,0.999898374080658,1.000001072883606,0.0,0.0,0.0,0.0,0.26706886291503906,0.26702868938446045,3.7367801666259766,-0.23195169866085052,-3.7351582050323486,0.27022114396095276,0.0,0.0,0.0,0.0,0.999898374080658,1.000001072883606,0.026652878150343895,-0.001654400723055005,-0.02664397656917572,0.0018325012642890215,0.0,0.0,0.0,0.0,0.0,0.0,0.5999999642372131,0.9987263083457947,0.0
4.115984916687012,82.97539520263672,57.486785888671875,0.266530305147171,-0.26643091440200806,-0.016594529151916504,0.017862001433968544,0.9998971223831177,1.0000011920928955,0.0,1.0,0.6108194589614868,-0.5937484502792358,0.0033347317948937416,0.0033333301544189453,0.0,0.9999973773956299,0.9998971223831177,1.0000011920928955,0.0,0.0,0.0,0.0,0.2670738697052002,0.26702868938446045,3.736661672592163,-0.2326495349407196,-3.736532688140869,0.2505037486553192,0.0,0.0,0.0,0.0,0.9998971223831177,1.0000011920928955,0.026653027161955833,-0.0016594578046351671,-0.02664412558078766,0.0018375648651272058,0.0,0.0,0.0,0.0,0.0,0.0,0.5999999642372131,0.9987263083457947,0.0
4.120184898376465,83.27791595458984,57.486785888671875,0.266532301902771,-0.26652148365974426,-0.01664365455508232,0.016455572098493576,0.9998958706855774,1.000001072883606,0.0,1.0,0.6108194589614868,-0.5937484502792358,0.003334715962409973,0.0033333301544189453,0.0,0.9999973773956299,0.9998958706855774,1.000001072883606,0.0,0.0,0.0,0.0,0.26707926392555237,0.26702868938446045,3.736539125442505,-0.23332880437374115,-3.737802505493164,0.23077945411205292,0.0,0.0,0.0,0.0,0.9998958706855774,1.000001072883606,0.026653224602341652,-0.0016643714625388384,-0.026644323021173477,0.0018424856243655086,0.0,0.0,0.0,0.0,0.0,0.0,0.5999999642372131,0.9987263083457947,0.0
4.124384880065918,83.5804443359375,57.486785888671875,0.26653340458869934,-0.26598626375198364,-0.01669374108314514,0.018905682489275932,0.9998946189880371,1.0000011920928955,0.0,1.0,0.6108194589614868,-0.5937484502792358,0.003334698500111699,0.0033333301544189453,0.0,0.9999973773956299,0.9998946189880371,1.0000011920928955,0.0,0.0,0.0,0.0,0.2670837938785553,0.2666569948196411,3.7364273071289062,-0.23402303457260132,-3.7407031059265137,0.26588040590286255,0.0,0.0,0.0,0.0,0.9998946189880371,1.0000011920928955,0.026653343811631203,-0.0016693491488695145,-0.026644442230463028,0.0018474695971235633,0.0,0.0,0.0,0.0,0.0,0.0,0.5999999642372131,0.9987263083457947,0.0
4.128584861755371,83.88296508789062,57.486785888671875,0.2665347754955292,-0.2660823464393616,-0.016742147505283356,0.01750158704817295,0.9998934864997864,1.0000011920928955,0.0,1.0,0.6108194589614868,-0.5937484502792358,0.0033346861600875854,0.0033333301544189453,0.0,0.9999973773956299,0.9998934864997864,1.0000011920928955,0.0,0.0,0.0,0.0,0.26708856225013733,0.2666569948196411,3.736314058303833,-0.234693244099617,-3.7420544624328613,0.24613387882709503,0.0,0.0,0.0,0.0,0.9998934864997864,1.0000011920928955,0.026653477922081947,-0.0016742205480113626,-0.026644576340913773,0.0018523471662774682,0.0,0.0,0.0,0.0,0.0,0.0,0.5999999642372131,0.9987263083457947,0.0
4.132784843444824,84.18548583984375,57.486785888671875,0.2665364444255829,-0.26559337973594666,-0.016789857298135757,0.01996031403541565,0.9998922348022461,1.000001072883606,0.0,1.0,0.6108194589614868,-0.5937484502792358,0.0033346714917570353,0.0033333301544189453,0.0,0.9999973773956299,0.9998922348022461,1.000001072883606,0.0,0.0,0.0,0.0,0.2670935094356537,0.2663421034812927,3.7361981868743896,-0.23535330593585968,-3.744015693664551,0.2813764214515686,0.0,0.0,0.0,0.0,0.9998922348022461,1.000001072883606,0.026653645560145378,-0.0016789712244644761,-0.026644742116332054,0.0018571045948192477,0.0,0.0,0.0,0.0,0.0,0.0,0.5999999642372131,0.9987263083457947,0.0
4.136984825134277,84.48800659179688,57.486785888671875,0.26653754711151123,-0.2656950354576111,-0.01683872938156128,0.01855826936662197,0.9998910427093506,1.000001072883606,0.0,1.0,0.6108194589614868,-0.5937484502792358,0.003334655659273267,0.0033333301544189453,0.0,0.9999973773956299,0.9998910427093506,1.000001072883606,0.0,0.0,0.0,0.0,0.26709800958633423,0.2663421034812927,3.7360877990722656,-0.23603041470050812,-3.745448589324951,0.2616121470928192,0.0,0.0,0.0,0.0,0.9998910427093506,1.000001072883606,0.026653766632080078,-0.001683853450231254,-0.026644861325621605,0.0018619928741827607,0.0,0.0,0.0,0.0,0.0,0.0,0.5999999642372131,0.9987263083457947,0.0
4.1411848068237305,84.79053497314453,57.486785888671875,0.2665395140647888,-0.26552093029022217,-0.01688515581190586,0.019090313464403152,0.9998899102210999,1.0000011920928955,0.0,1.0,0.6108194589614868,-0.5937484502792358,0.003334643552079797,0.0033333301544189453,0.0,0.9999973773956299,0.9998899102210999,1.0000011920928955,0.0,0.0,0.0,0.0,0.2671032249927521,0.2662059962749481,3.7359700202941895,-0.23667199909687042,-3.7468223571777344,0.26938745379447937,0.0,0.0,0.0,0.0,0.9998899102210999,1.0000011920928955,0.02665395475924015,-0.0016884934157133102,-0.026645049452781677,0.0018666398245841265,0.0,0.0,0.0,0.0,0.0,0.0,0.5999999642372131,0.9987263083457947,0.0
4.145384788513184,85.09304809570312,57.486785888671875,0.2665407955646515,-0.2656179666519165,-0.016931388527154922,0.017688672989606857,0.9998887181282043,1.0000011920928955,0.0,1.0,0.6108194589614868,-0.5937484502792358,0.003334625391289592,0.0033333301544189453,0.0,0.9999973773956299,0.9998887181282043,1.0000011920928955,0.0,0.0,0.0,0.0,0.267107754945755,0.2662059962749481,3.73586106300354,-0.2373119741678238,-3.7481918334960938,0.2496086061000824,0.0,0.0,0.0,0.0,0.9998887181282043,1.0000011920928955,0.02665407955646515,-0.001693153753876686,-0.026645174250006676,0.0018713060999289155,0.0,0.0,0.0,0.0,0.0,0.0,0.5999999642372131,0.9987263083457947,0.0
4.149584770202637,85.39556121826172,57.486785888671875,0.26654183864593506,-0.26521173119544983,-0.016978001222014427,0.020161176100373268,0.9998876452445984,1.0000011920928955,0.0,1.0,0.6108194589614868,-0.5937484502792358,0.003334612585604191,0.0033333301544189453,0.0,0.9999973773956299,0.9998876452445984,1.0000011920928955,0.0,0.0,0.0,0.0,0.26711204648017883,0.26597660779953003,3.735755681991577,-0.23795761168003082,-3.7489168643951416,0.2849895656108856,0.0,0.0,0.0,0.0,0.9998876452445984,1.0000011920928955,0.026654189452528954,-0.0016978074563667178,-0.02664528600871563,0.0018759657396003604,0.0,0.0,0.0,0.0,0.0,0.0,0.5999999642372131,0.9987263083457947,0.0
4.15378475189209,85.69807434082031,57.486785888671875,0.2665434181690216,-0.2653144299983978,-0.01702321320772171,0.018761146813631058,0.9998865127563477,1.0000011920928955,0.0,1.0,0.6108194589614868,-0.5937484502792358,0.0033346000127494335,0.0033333301544189453,0.0,0.9999973773956299,0.9998865127563477,1.0000011920928955,0.0,0.0,0.0,0.0,0.2671167850494385,0.26597660779953003,3.735644817352295,-0.2385828047990799,-3.75036883354187,0.2651993930339813,0.0,0.0,0.0,0.0,0.9998865127563477,1.0000011920928955,0.02665434591472149,-0.0017023271648213267,-0.026645440608263016,0.0018804915016517043,0.0,0.0,0.0,0.0,0.0,0.0,0.5999999642372131,0.9987263083457947,0.0
4.157984733581543,86.0005874633789,57.486785888671875,0.2665444314479828,-0.265182226896286,-0.017067909240722656,0.0193004347383976,0.9998852610588074,1.000001072883606,0.0,1.0,0.6108194589614868,-0.5937484502792358,0.0033345846459269524,0.0033333301544189453,0.0,0.9999973773956299,0.9998852610588074,1.000001072883606,0.0,0.0,0.0,0.0,0.26712095737457275,0.2658833861351013,3.735542058944702,-0.23920178413391113,-3.751129627227783,0.2730138897895813,0.0,0.0,0.0,0.0,0.9998852610588074,1.000001072883606,0.0266544409096241,-0.0017067687585949898,-0.026645535603165627,0.0018849385669454932,0.0,0.0,0.0,0.0,0.0,0.0,0.5999999642372131,0.9987263083457947,0.0
4.162184715270996,86.30310821533203,57.486785888671875,0.2665460407733917,-0.2652803957462311,-0.01711225137114525,0.017900574952363968,0.9998841881752014,1.000001072883606,0.0,1.0,0.6108194589614868,-0.5937484502792358,0.0033345732372254133,0.0033333301544189453,0.0,0.9999973773956299,0.9998841881752014,1.000001072883606,0.0,0.0,0.0,0.0,0.2671257257461548,0.2658833861351013,3.7354319095611572,-0.2398146539926529,-3.7525181770324707,0.25321218371391296,0.0,0.0,0.0,0.0,0.9998841881752014,1.000001072883606,0.02665460668504238,-0.0017112334026023746,-0.02664569951593876,0.0018894097302109003,0.0,0.0,0.0,0.0,0.0,0.0,0.5999999642372131,0.9987263083457947,0.0
4.166384696960449,86.6056137084961,57.486785888671875,0.26654693484306335,-0.26516419649124146,-0.017156634479761124,0.018442340195178986,0.9998829960823059,1.000001072883606,0.0,1.0,0.6108194589614868,-0.5937484502792358,0.003334557870402932,0.0033333301544189453,0.0,0.9999973773956299,0.9998829960823059,1.000001072883606,0.0,0.0,0.0,0.0,0.2671297788619995,0.2658044397830963,3.735330820083618,-0.2404293417930603,-3.7531018257141113,0.2610306441783905,0.0,0.0,0.0,0.0,0.9998829960823059,1.000001072883606,0.026654690504074097,-0.0017156597459688783,-0.026645785197615623,0.0018938415450975299,0.0,0.0,0.0,0.0,0.0,0.0,0.5999999642372131,0.9987263083457947,0.0
4.170584678649902,86.90812683105469,57.486785888671875,0.26654794812202454,-0.26506108045578003,-0.01720069907605648,0.018985778093338013,0.9998819828033447,1.000001072883606,0.0,1.0,0.6108194589614868,-0.5937484502792358,0.0033345473930239677,0.0033333301544189453,0.0,0.9999973773956299,0.9998819828033447,1.000001072883606,0.0,0.0,0.0,0.0,0.2671339213848114,0.2657398581504822,3.735229730606079,-0.24103939533233643,-3.7534663677215576,0.2688530385494232,0.0,0.0,0.0,0.0,0.9998819828033447,1.000001072883606,0.026654794812202454,-0.0017200688598677516,-0.02664588950574398,0.0018982560141012073,0.0,0.0,0.0,0.0,0.0,0.0,0.5999999642372131,0.9987263083457947,0.0
4.1747846603393555,87.21063232421875,57.486785888671875,0.2665491998195648,-0.2649711072444916,-0.01724354363977909,0.0195307657122612,0.9998809695243835,1.0000011920928955,0.0,1.0,0.6108194589614868,-0.5937484502792358,0.0033345362171530724,0.0033333301544189453,0.0,0.9999973773956299,0.9998809695243835,1.0000011920928955,0.0,0.0,0.0,0.0,0.26713818311691284,0.2656896114349365,3.7351279258728027,-0.2416321039199829,-3.7536118030548096,0.27667510509490967,0.0,0.0,0.0,0.0,0.9998809695243835,1.0000011920928955,0.026654919609427452,-0.0017243659822270274,-0.026646016165614128,0.0019025588408112526,0.0,0.0,0.0,0.0,0.0,0.0,0.5999999642372131,0.9987263083457947,0.0
4.178984642028809,87.51314544677734,57.486785888671875,0.2665504813194275,-0.2648942470550537,-0.017286639660596848,0.0200771763920784,0.9998798370361328,1.000001072883606,0.0,1.0,0.6108194589614868,-0.5937484502792358,0.0033345238771289587,0.0033333301544189453,0.0,0.9999973773956299,0.9998798370361328,1.000001072883606,0.0,0.0,0.0,0.0,0.26714256405830383,0.26565372943878174,3.735023260116577,-0.24222804605960846,-3.753537178039551,0.28449249267578125,0.0,0.0,0.0,0.0,0.9998798370361328,1.000001072883606,0.026655053719878197,-0.001728656585328281,-0.026646150276064873,0.0019068553810939193,0.0,0.0,0.0,0.0,0.0,0.0,0.5999999642372131,0.9987263083457947,0.0
4.183184623718262,87.8156509399414,57.486785888671875,0.2665520906448364,-0.26499655842781067,-0.017328603193163872,0.018678825348615646,0.9998788237571716,1.0000011920928955,0.0,1.0,0.6108194589614868,-0.5937484502792358,0.003334511537104845,0.0033333301544189453,0.0,0.9999973773956299,0.9998788237571716,1.0000011920928955,0.0,0.0,0.0,0.0,0.26714712381362915,0.26565372943878174,3.7349178791046143,-0.24280774593353271,-3.7549867630004883,0.2646779716014862,0.0,0.0,0.0,0.0,0.9998788237571716,1.0000011920928955,0.026655210182070732,-0.0017328718677163124,-0.02664630487561226,0.0019110767170786858,0.0,0.0,0.0,0.0,0.0,0.0,0.5999999642372131,0.9987263083457947,0.0
4.187384605407715,88.11815643310547,57.486785888671875,0.26655369997024536,-0.2649357318878174,-0.017369933426380157,0.019226867705583572,0.9998777508735657,1.000001072883606,0.0,1.0,0.6108194589614868,-0.5937484502792358,0.0033344971016049385,0.0033333301544189453,0.0,0.9999973773956299,0.9998777508735657,1.000001072883606,0.0,0.0,0.0,0.0,0.26715171337127686,0.26563218235969543,3.7348122596740723,-0.24337850511074066,-3.7547338008880615,0.2724878489971161,0.0,0.0,0.0,0.0,0.9998777508735657,1.000001072883606,0.026655366644263268,-0.0017369961133226752,-0.026646459475159645,0.0019152070162817836,0.0,0.0,0.0,0.0,0.0,0.0,0.5999999642372131,0.9987263083457947,0.0
4.191584587097168,88.42066192626953,57.486785888671875,0.2665545642375946,-0.2650335431098938,-0.01741158217191696,0.017828308045864105,0.9998767375946045,1.0000011920928955,0.0,1.0,0.6108194589614868,-0.5937484502792358,0.0033344822004437447,0.0033333301544189453,0.0,0.9999973773956299,0.9998767375946045,1.0000011920928955,0.0,0.0,0.0,0.0,0.26715555787086487,0.26563218235969543,3.7347171306610107,-0.2439550757408142,-3.756119966506958,0.2526671290397644,0.0,0.0,0.0,0.0,0.9998767375946045,1.0000011920928955,0.02665545977652073,-0.0017411651788279414,-0.026646552607417107,0.0019193812040612102,0.0,0.0,0.0,0.0,0.0,0.0,0.5999999642372131,0.9987263083457947,0.0
4.195784568786621,88.7231674194336,57.486785888671875,0.2665557265281677,-0.26498880982398987,-0.017452234402298927,0.018377700820565224,0.9998757243156433,1.0000011920928955,0.0,1.0,0.6108194589614868,-0.5937484502792358,0.0033344714902341366,0.0033333301544189453,0.0,0.9999973773956299,0.9998757243156433,1.0000011920928955,0.0,0.0,0.0,0.0,0.267159640789032,0.265625,3.734619140625,-0.24451716244220734,-3.7556891441345215,0.2604673206806183,0.0,0.0,0.0,0.0,0.9998757243156433,1.0000011920928955,0.026655569672584534,-0.001745249959640205,-0.02664666250348091,0.0019234715728089213,0.0,0.0,0.0,0.0,0.0,0.0,0.5999999642372131,0.9987263083457947,0.0
4.199984550476074,89.02566528320312,57.486785888671875,0.2665570080280304,-0.2648948132991791,-0.017492393031716347,0.01990257203578949,0.9998747110366821,1.0000011920928955,0.0,1.0,0.6108194589614868,-0.5937484502792358,0.0033344589173793793,0.0033333301544189453,0.0,0.9999973773956299,0.9998747110366821,1.0000011920928955,0.0,0.0,0.0,0.0,0.26716384291648865,0.26564115285873413,3.734520196914673,-0.2450721114873886,-3.7539005279541016,0.28204503655433655,0.0,0.0,0.0,0.0,0.9998747110366821,1.0000011920928955,0.02665570378303528,-0.0017492223996669054,-0.026646796613931656,0.0019274496007710695,0.0,0.0,0.0,0.0,0.0,0.0,0.5999999642372131,0.9987263083457947,0.0
4.204184532165527,89.32815551757812,57.486785888671875,0.266557514667511,-0.26493892073631287,-0.01753205992281437,0.01947910338640213,0.999873697757721,1.0000011920928955,0.0,1.0,0.6108194589614868,-0.5937484502792358,0.0033344465773552656,0.0033333301544189453,0.0,0.9999973773956299,0.999873697757721,1.0000011920928955,0.0,0.0,0.0,0.0,0.26716721057891846,0.26565372943878174,3.7344329357147217,-0.24562165141105652,-3.7541701793670654,0.27601784467697144,0.0,0.0,0.0,0.0,0.999873697757721,1.0000011920928955,0.02665575221180916,-0.0017532272031530738,-0.026646843180060387,0.0019314589444547892,0.0,0.0,0.0,0.0,0.0,0.0,0.5999999642372131,0.9987263083457947,0.0
4.2083845138549805,89.63066101074219,57.486785888671875,0.26655882596969604,-0.2649337649345398,-0.017572306096553802,0.02003086730837822,0.9998727440834045,1.0000011920928955,0.0,1.0,0.6108194589614868,-0.5937484502792358,0.0033344386611133814,0.0033333301544189453,0.0,0.9999973773956299,0.9998727440834045,1.0000011920928955,0.0,0.0,0.0,0.0,0.2671714127063751,0.2656896114349365,3.7343335151672363,-0.2461777627468109,-3.753082752227783,0.28375959396362305,0.0,0.0,0.0,0.0,0.9998727440834045,1.0000011920928955,0.026655882596969604,-0.0017572481883689761,-0.026646975427865982,0.001935485634021461,0.0,0.0,0.0,0.0,0.0,0.0,0.5999999642372131,0.9987263083457947,0.0
4.212584495544434,89.93316650390625,57.486785888671875,0.26656052470207214,-0.2650357782840729,-0.01761028915643692,0.018632307648658752,0.9998717308044434,1.000001072883606,0.0,1.0,0.6108194589614868,-0.5937484502792358,0.0033344263210892677,0.0033333301544189453,0.0,0.9999973773956299,0.9998717308044434,1.000001072883606,0.0,0.0,0.0,0.0,0.2671758532524109,0.2656896114349365,3.7342326641082764,-0.24670164287090302,-3.754528045654297,0.2639474868774414,0.0,0.0,0.0,0.0,0.9998717308044434,1.000001072883606,0.026656050235033035,-0.001761062303557992,-0.026647141203284264,0.0019393054535612464,0.0,0.0,0.0,0.0,0.0,0.0,0.5999999642372131,0.9987263083457947,0.0
4.216784477233887,90.23567199707031,57.486785888671875,0.2665621042251587,-0.26504677534103394,-0.017649367451667786,0.019184565171599388,0.999870777130127,1.000001072883606,0.0,1.0,0.6108194589614868,-0.5937484502792358,0.003334411885589361,0.0033333301544189453,0.0,0.9999973773956299,0.999870777130127,1.000001072883606,0.0,0.0,0.0,0.0,0.26718026399612427,0.2657398581504822,3.7341315746307373,-0.24724093079566956,-3.7532637119293213,0.27166804671287537,0.0,0.0,0.0,0.0,0.999870777130127,1.000001072883606,0.02665620855987072,-0.0017649270594120026,-0.026647299528121948,0.001943176263011992,0.0,0.0,0.0,0.0,0.0,0.0,0.5999999642372131,0.9987263083457947,0.0
4.22098445892334,90.53816986083984,57.486785888671875,0.2665630578994751,-0.2651076316833496,-0.017687665298581123,0.018761295825242996,0.9998698234558105,1.0000011920928955,0.0,1.0,0.6108194589614868,-0.5937484502792358,0.003334397217258811,0.0033333301544189453,0.0,0.9999973773956299,0.9998698234558105,1.0000011920928955,0.0,0.0,0.0,0.0,0.2671840488910675,0.2657703757286072,3.734039783477783,-0.24777042865753174,-3.7532641887664795,0.26561322808265686,0.0,0.0,0.0,0.0,0.9998698234558105,1.0000011920928955,0.026656297966837883,-0.001768788555637002,-0.02664738893508911,0.0019470425322651863,0.0,0.0,0.0,0.0,0.0,0.0,0.5999999642372131,0.9987263083457947,0.0
4.225184440612793,90.84066009521484,57.486785888671875,0.26656416058540344,-0.2651399075984955,-0.01772572658956051,0.01931394450366497,0.9998689293861389,1.0000011920928955,0.0,1.0,0.6108194589614868,-0.5937484502792358,0.003334386507049203,0.0033333301544189453,0.0,0.9999973773956299,0.9998689293861389,1.0000011920928955,0.0,0.0,0.0,0.0,0.2671878933906555,0.26584210991859436,3.733947515487671,-0.24829640984535217,-3.751694679260254,0.2732897698879242,0.0,0.0,0.0,0.0,0.9998689293861389,1.0000011920928955,0.026656417176127434,-0.0017725419020280242,-0.026647506281733513,0.0019508012337610126,0.0,0.0,0.0,0.0,0.0,0.0,0.5999999642372131,0.9987263083457947,0.0
4.229384422302246,91.14315795898438,57.486785888671875,0.26656511425971985,-0.26519855856895447,-0.017763108015060425,0.01937861740589142,0.9998679757118225,1.0000011920928955,0.0,1.0,0.6108194589614868,-0.5937484502792358,0.0033343746326863766,0.0033333301544189453,0.0,0.9999973773956299,0.9998679757118225,1.0000011920928955,0.0,0.0,0.0,0.0,0.2671915888786316,0.26590535044670105,3.7338576316833496,-0.2488132119178772,-3.7507407665252686,0.274074524641037,0.0,0.0,0.0,0.0,0.9998679757118225,1.0000011920928955,0.026656517758965492,-0.0017762932693585753,-0.02664761058986187,0.0019545576069504023,0.0,0.0,0.0,0.0,0.0,0.0,0.5999999642372131,0.9987263083457947,0.0
4.233584403991699,91.4456558227539,57.486785888671875,0.2665663957595825,-0.2652653157711029,-0.0178003441542387,0.019443171098828316,0.9998670816421509,1.0000011920928955,0.0,1.0,0.6108194589614868,-0.5937484502792358,0.003334364155307412,0.0033333301544189453,0.0,0.9999973773956299,0.9998670816421509,1.0000011920928955,0.0,0.0,0.0,0.0,0.26719558238983154,0.26597660779953003,3.7337639331817627,-0.24932728707790375,-3.7496745586395264,0.2748401463031769,0.0,0.0,0.0,0.0,0.9998670816421509,1.0000011920928955,0.02665664255619049,-0.0017800184432417154,-0.02664773166179657,0.0019582880195230246,0.0,0.0,0.0,0.0,0.0,0.0,0.5999999642372131,0.9987263083457947,0.0
4.237784385681152,91.7481460571289,57.486785888671875,0.2665678858757019,-0.26533207297325134,-0.01783650927245617,0.019995730370283127,0.9998661279678345,1.000001072883606,0.0,1.0,0.6108194589614868,-0.5937484502792358,0.0033343518152832985,0.0033333301544189453,0.0,0.9999973773956299,0.9998661279678345,1.000001072883606,0.0,0.0,0.0,0.0,0.26719972491264343,0.2660841643810272,3.733668804168701,-0.2498261034488678,-3.747586727142334,0.2824224531650543,0.0,0.0,0.0,0.0,0.9998661279678345,1.000001072883606,0.02665679156780243,-0.0017836213810369372,-0.02664788067340851,0.0019618964288383722,0.0,0.0,0.0,0.0,0.0,0.0,0.5999999642372131,0.9987263083457947,0.0
4.2419843673706055,92.05064392089844,57.486785888671875,0.2665693163871765,-0.2654229998588562,-0.01787307858467102,0.0195715744048357,0.9998652338981628,1.0000011920928955,0.0,1.0,0.6108194589614868,-0.5937484502792358,0.003334338078275323,0.0033333301544189453,0.0,0.9999973773956299,0.9998652338981628,1.0000011920928955,0.0,0.0,0.0,0.0,0.2672038674354553,0.2661432921886444,3.7335739135742188,-0.2503305971622467,-3.7472054958343506,0.2763087749481201,0.0,0.0,0.0,0.0,0.9998652338981628,1.0000011920928955,0.02665693499147892,-0.0017872769385576248,-0.026648024097085,0.0019655574578791857,0.0,0.0,0.0,0.0,0.0,0.0,0.5999999642372131,0.9987263083457947,0.0
4.246184349060059,92.35313415527344,57.486785888671875,0.26657000184059143,-0.26551392674446106,-0.017908668145537376,0.019635258242487907,0.9998643398284912,1.000001072883606,0.0,1.0,0.6108194589614868,-0.5937484502792358,0.003334324574097991,0.0033333301544189453,0.0,0.9999973773956299,0.9998643398284912,1.000001072883606,0.0,0.0,0.0,0.0,0.26720714569091797,0.2662386894226074,3.7334911823272705,-0.25082287192344666,-3.7458035945892334,0.2770092785358429,0.0,0.0,0.0,0.0,0.9998643398284912,1.000001072883606,0.02665700577199459,-0.0017908537993207574,-0.02664809487760067,0.0019691388588398695,0.0,0.0,0.0,0.0,0.0,0.0,0.5999999642372131,0.9987263083457947,0.0
4.250384330749512,92.6556167602539,57.486785888671875,0.2665710747241974,-0.265612930059433,-0.017944270744919777,0.0196984875947237,0.9998634457588196,1.0000011920928955,0.0,1.0,0.6108194589614868,-0.5937484502792358,0.003334315260872245,0.0033333301544189453,0.0,0.9999973773956299,0.9998634457588196,1.0000011920928955,0.0,0.0,0.0,0.0,0.26721084117889404,0.2663421034812927,3.733402729034424,-0.25131452083587646,-3.744291305541992,0.2776855528354645,0.0,0.0,0.0,0.0,0.9998634457588196,1.0000011920928955,0.0266571044921875,-0.0017944046994671226,-0.02664819359779358,0.0019726946484297514,0.0,0.0,0.0,0.0,0.0,0.0,0.5999999642372131,0.9987263083457947,0.0
4.254584312438965,92.95809936523438,57.486785888671875,0.2665722072124481,-0.2657197415828705,-0.017978021875023842,0.019700143486261368,0.999862551689148,1.0000011920928955,0.0,1.0,0.6108194589614868,-0.5937484502792358,0.0033343040850013494,0.0033333301544189453,0.0,0.9999973773956299,0.999862551689148,1.0000011920928955,0.0,0.0,0.0,0.0,0.26721447706222534,0.2664487063884735,3.7333173751831055,-0.2517804205417633,-3.7427995204925537,0.2774866819381714,0.0,0.0,0.0,0.0,0.999862551689148,1.0000011920928955,0.026657214388251305,-0.0017978306859731674,-0.026648303493857384,0.001976125407963991,0.0,0.0,0.0,0.0,0.0,0.0,0.5999999642372131,0.9987263083457947,0.0
4.258784294128418,93.26058959960938,57.486785888671875,0.2665725648403168,-0.26583394408226013,-0.01801331900060177,0.01970118284225464,0.9998617172241211,1.0000011920928955,0.0,1.0,0.6108194589614868,-0.5937484502792358,0.003334292909130454,0.0033333301544189453,0.0,0.9999973773956299,0.9998617172241211,1.0000011920928955,0.0,0.0,0.0,0.0,0.2672174274921417,0.26656270027160645,3.7332398891448975,-0.2522692084312439,-3.7412071228027344,0.2772640585899353,0.0,0.0,0.0,0.0,0.9998617172241211,1.0000011920928955,0.026657259091734886,-0.0018013196531683207,-0.026648348197340965,0.0019796183332800865,0.0,0.0,0.0,0.0,0.0,0.0,0.5999999642372131,0.9987263083457947,0.0
4.262984275817871,93.56307220458984,57.486785888671875,0.2665737271308899,-0.2659546732902527,-0.018047789111733437,0.019640497863292694,0.9998608827590942,1.0000011920928955,0.0,1.0,0.6108194589614868,-0.5937484502792358,0.0033342866227030754,0.0033333301544189453,0.0,0.9999973773956299,0.9998608827590942,1.0000011920928955,0.0,0.0,0.0,0.0,0.2672211825847626,0.2666785717010498,3.73315167427063,-0.2527448236942291,-3.7396535873413086,0.2761698365211487,0.0,0.0,0.0,0.0,0.9998608827590942,1.0000011920928955,0.02665737271308899,-0.0018048009369522333,-0.02664846181869507,0.0019831047393381596,0.0,0.0,0.0,0.0,0.0,0.0,0.5999999642372131,0.9987263083457947,0.0
4.267184257507324,93.86557006835938,57.486785888671875,0.2665749490261078,-0.2660796046257019,-0.018081484362483025,0.019457003101706505,0.9998600482940674,1.000001072883606,0.0,1.0,0.6108194589614868,-0.5937484502792358,0.00333427544683218,0.0033333301544189453,0.0,0.9999973773956299,0.9998600482940674,1.000001072883606,0.0,0.0,0.0,0.0,0.26722487807273865,0.2667897343635559,3.733065128326416,-0.2532096803188324,-3.738292932510376,0.2733617126941681,0.0,0.0,0.0,0.0,0.9998600482940674,1.000001072883606,0.026657497510313988,-0.001808140310458839,-0.026648586615920067,0.00198644888587296,0.0,0.0,0.0,0.0,0.0,0.0,0.5999999642372131,0.9987263083457947,0.0
4.271384239196777,94.16805267333984,57.486785888671875,0.2665764391422272,-0.26622888445854187,-0.018115393817424774,0.020004883408546448,0.9998592138290405,1.0000011920928955,0.0,1.0,0.6108194589614868,-0.5937484502792358,0.0033342642709612846,0.0033333301544189453,0.0,0.9999973773956299,0.9998592138290405,1.0000011920928955,0.0,0.0,0.0,0.0,0.2672288715839386,0.2669791281223297,3.732974052429199,-0.2536769509315491,-3.7350854873657227,0.28066056966781616,0.0,0.0,0.0,0.0,0.9998592138290405,1.0000011920928955,0.02665764093399048,-0.0018115149578079581,-0.02664872817695141,0.0019898288883268833,0.0,0.0,0.0,0.0,0.0,0.0,0.5999999642372131,0.9987263083457947,0.0
4.2755842208862305,94.47054290771484,57.486785888671875,0.2665770649909973,-0.2663610875606537,-0.01814817264676094,0.019575584679841995,0.9998583793640137,1.0000011920928955,0.0,1.0,0.6108194589614868,-0.5937484502792358,0.00333425123244524,0.0033333301544189453,0.0,0.9999973773956299,0.9998583793640137,1.0000011920928955,0.0,0.0,0.0,0.0,0.26723194122314453,0.2670791447162628,3.7328972816467285,-0.25413015484809875,-3.734142541885376,0.27443206310272217,0.0,0.0,0.0,0.0,0.9998583793640137,1.0000011920928955,0.0266577061265707,-0.001814827905036509,-0.02664879523217678,0.0019931457936763763,0.0,0.0,0.0,0.0,0.0,0.0,0.5999999642372131,0.9987263083457947,0.0
4.279784202575684,94.77301788330078,57.486785888671875,0.26657792925834656,-0.2665315866470337,-0.018181251361966133,0.020121335983276367,0.9998575448989868,1.000001072883606,0.0,1.0,0.6108194589614868,-0.5937484502792358,0.0033342435490339994,0.0033333301544189453,0.0,0.9999973773956299,0.9998575448989868,1.000001072883606,0.0,0.0,0.0,0.0,0.26723527908325195,0.2672897279262543,3.732815980911255,-0.25458699464797974,-3.730647087097168,0.2816386818885803,0.0,0.0,0.0,0.0,0.9998575448989868,1.000001072883606,0.026657795533537865,-0.001818101154640317,-0.026648882776498795,0.001996423816308379,0.0,0.0,0.0,0.0,0.0,0.0,0.5999999642372131,0.9987263083457947,0.0
4.283984184265137,95.07550048828125,57.486785888671875,0.26657864451408386,-0.2666544020175934,-0.01821373775601387,0.019202204421162605,0.9998567700386047,1.0000011920928955,0.0,1.0,0.6108194589614868,-0.5937484502792358,0.003334233770146966,0.0033333301544189453,0.0,0.9999973773956299,0.9998567700386047,1.0000011920928955,0.0,0.0,0.0,0.0,0.26723843812942505,0.26734456419944763,3.7327382564544678,-0.2550358474254608,-3.730834722518921,0.26866328716278076,0.0,0.0,0.0,0.0,0.9998567700386047,1.0000011920928955,0.026657873764634132,-0.0018213869770988822,-0.026648959144949913,0.001999713946133852,0.0,0.0,0.0,0.0,0.0,0.0,0.5999999642372131,0.9987263083457947,0.0
4.28818416595459,95.37797546386719,57.486785888671875,0.26657989621162415,-0.2668435573577881,-0.0182451531291008,0.01974555477499962,0.9998558759689331,1.0000011920928955,0.0,1.0,0.6108194589614868,-0.5937484502792358,0.003334225621074438,0.0033333301544189453,0.0,0.9999973773956299,0.9998558759689331,1.0000011920928955,0.0,0.0,0.0,0.0,0.26724204421043396,0.2675727903842926,3.7326548099517822,-0.25546884536743164,-3.7271153926849365,0.27579444646835327,0.0,0.0,0.0,0.0,0.9998558759689331,1.0000011920928955,0.026657992973923683,-0.0018245496321469545,-0.026649078354239464,0.0020028813742101192,0.0,0.0,0.0,0.0,0.0,0.0,0.5999999642372131,0.9987263083457947,0.0
4.292384147644043,95.68046569824219,57.486785888671875,0.2665809690952301,-0.2670458257198334,-0.018277496099472046,0.020287390798330307,0.999855101108551,1.000001072883606,0.0,1.0,0.6108194589614868,-0.5937484502792358,0.0033342139795422554,0.0033333301544189453,0.0,0.9999973773956299,0.999855101108551,1.000001072883606,0.0,0.0,0.0,0.0,0.2672455310821533,0.2678150236606598,3.732572555541992,-0.2559150159358978,-3.723196029663086,0.28285011649131775,0.0,0.0,0.0,0.0,0.999855101108551,1.000001072883606,0.026658091694116592,-0.0018277711933478713,-0.026649177074432373,0.0020061074756085873,0.0,0.0,0.0,0.0,0.0,0.0,0.5999999642372131,0.9987263083457947,0.0
4.296584129333496,95.98294830322266,57.486785888671875,0.2665819525718689,-0.26720523834228516,-0.01830935850739479,0.019852638244628906,0.9998542666435242,1.000001072883606,0.0,1.0,0.6108194589614868,-0.5937484502792358,0.003334204200655222,0.0033333301544189453,0.0,0.9999973773956299,0.9998542666435242,1.000001072883606,0.0,0.0,0.0,0.0,0.26724889874458313,0.267941415309906,3.7324917316436768,-0.2563546597957611,-3.721904754638672,0.27652761340141296,0.0,0.0,0.0,0.0,0.9998542666435242,1.000001072883606,0.02665819600224495,-0.0018309465376660228,-0.02664928138256073,0.002009287243708968,0.0,0.0,0.0,0.0,0.0,0.0,0.5999999642372131,0.9987263083457947,0.0
4.300784111022949,96.2854232788086,57.486785888671875,0.266583114862442,-0.2674286961555481,-0.01834077015519142,0.02039138413965702,0.9998535513877869,1.0000011920928955,0.0,1.0,0.6108194589614868,-0.5937484502792358,0.003334193956106901,0.0033333301544189453,0.0,0.9999973773956299,0.9998535513877869,1.0000011920928955,0.0,0.0,0.0,0.0,0.26725244522094727,0.2682046592235565,3.732409715652466,-0.2567877173423767,-3.7177085876464844,0.28347450494766235,0.0,0.0,0.0,0.0,0.9998535513877869,1.0000011920928955,0.0266583114862442,-0.0018340919632464647,-0.02664939872920513,0.002012437442317605,0.0,0.0,0.0,0.0,0.0,0.0,0.5999999642372131,0.9987263083457947,0.0
4.304984092712402,96.58789825439453,57.486785888671875,0.26658380031585693,-0.2675325870513916,-0.018370872363448143,0.018979649990797043,0.9998528361320496,1.0000011920928955,0.0,1.0,0.6108194589614868,-0.5937484502792358,0.0033341830130666494,0.0033333301544189453,0.0,0.9999973773956299,0.9998528361320496,1.0000011920928955,0.0,0.0,0.0,0.0,0.26725539565086365,0.2682046592235565,3.73233699798584,-0.25720348954200745,-3.7191526889801025,0.26384904980659485,0.0,0.0,0.0,0.0,0.9998528361320496,1.0000011920928955,0.02665838412940502,-0.0018370794132351875,-0.026649469509720802,0.00201542885042727,0.0,0.0,0.0,0.0,0.0,0.0,0.5999999642372131,0.9987263083457947,0.0
4.3091840744018555,96.890380859375,57.486785888671875,0.26658445596694946,-0.26784348487854004,-0.018401097506284714,0.020489221438765526,0.9998520612716675,1.0000011920928955,0.0,1.0,0.6108194589614868,-0.5937484502792358,0.0033341748639941216,0.0033333301544189453,0.0,0.9999973773956299,0.9998520612716675,1.0000011920928955,0.0,0.0,0.0,0.0,0.26725828647613525,0.2686257064342499,3.732264518737793,-0.25762107968330383,-3.7118117809295654,0.28394243121147156,0.0,0.0,0.0,0.0,0.9998520612716675,1.0000011920928955,0.026658451184630394,-0.0018401204142719507,-0.026649538427591324,0.0020184738095849752,0.0,0.0,0.0,0.0,0.0,0.0,0.5999999642372131,0.9987263083457947,0.0
4.313384056091309,97.19285583496094,57.486785888671875,0.26658517122268677,-0.2680244743824005,-0.018431009724736214,0.020048849284648895,0.9998512864112854,1.000001072883606,0.0,1.0,0.6108194589614868,-0.5937484502792358,0.0033341669477522373,0.0033333301544189453,0.0,0.9999973773956299,0.9998512864112854,1.000001072883606,0.0,0.0,0.0,0.0,0.2672613263130188,0.26877298951148987,3.7321906089782715,-0.25803396105766296,-3.7102503776550293,0.2775352895259857,0.0,0.0,0.0,0.0,0.9998512864112854,1.000001072883606,0.026658514514565468,-0.0018431175267323852,-0.02664959989488125,0.00202147476375103,0.0,0.0,0.0,0.0,0.0,0.0,0.5999999642372131,0.9987263083457947,0.0
4.317584037780762,97.49533081054688,57.486785888671875,0.266586035490036,-0.26829010248184204,-0.018461113795638084,0.020580248907208443,0.9998505115509033,1.0000011920928955,0.0,1.0,0.6108194589614868,-0.5937484502792358,0.0033341592643409967,0.0033333301544189453,0.0,0.9999973773956299,0.9998505115509033,1.0000011920928955,0.0,0.0,0.0,0.0,0.2672644257545471,0.26907795667648315,3.7321152687072754,-0.2584494352340698,-3.7055130004882812,0.2842459976673126,0.0,0.0,0.0,0.0,0.9998505115509033,1.0000011920928955,0.026658600196242332,-0.001846124418079853,-0.026649687439203262,0.0020244859624654055,0.0,0.0,0.0,0.0,0.0,0.0,0.5999999642372131,0.9987263083457947,0.0
4.321784019470215,97.79780578613281,57.486785888671875,0.2665870487689972,-0.268568754196167,-0.018490020185709,0.02110935002565384,0.999849796295166,1.0000011920928955,0.0,1.0,0.6108194589614868,-0.5937484502792358,0.0033341506496071815,0.0033333301544189453,0.0,0.9999973773956299,0.999849796295166,1.0000011920928955,0.0,0.0,0.0,0.0,0.2672676146030426,0.26939675211906433,3.7320401668548584,-0.2588478922843933,-3.7005879878997803,0.29086410999298096,0.0,0.0,0.0,0.0,0.999849796295166,1.0000011920928955,0.02665870450437069,-0.0018490009242668748,-0.02664978802204132,0.002027366543188691,0.0,0.0,0.0,0.0,0.0,0.0,0.5999999642372131,0.9987263083457947,0.0
4.325984001159668,98.10027313232422,57.486785888671875,0.26658737659454346,-0.26867642998695374,-0.018519282341003418,0.0196915902197361,0.9998490810394287,1.0000011920928955,0.0,1.0,0.6108194589614868,-0.5937484502792358,0.0033341413363814354,0.0033333301544189453,0.0,0.9999973773956299,0.9998490810394287,1.0000011920928955,0.0,0.0,0.0,0.0,0.26727017760276794,0.26939675211906433,3.73197340965271,-0.2592525780200958,-3.7020716667175293,0.2713289260864258,0.0,0.0,0.0,0.0,0.9998490810394287,1.0000011920928955,0.026658738031983376,-0.0018518971046432853,-0.026649823412299156,0.0020302662160247564,0.0,0.0,0.0,0.0,0.0,0.0,0.5999999642372131,0.9987263083457947,0.0
4.330183982849121,98.40274810791016,57.486785888671875,0.2665884494781494,-0.26897093653678894,-0.01854832097887993,0.020216722041368484,0.9998483657836914,1.0000011920928955,0.0,1.0,0.6108194589614868,-0.5937484502792358,0.0033341359812766314,0.0033333301544189453,0.0,0.9999973773956299,0.9998483657836914,1.0000011920928955,0.0,0.0,0.0,0.0,0.2672734558582306,0.2697293162345886,3.7318973541259766,-0.2596527934074402,-3.6969962120056152,0.27787816524505615,0.0,0.0,0.0,0.0,0.9998483657836914,1.0000011920928955,0.026658838614821434,-0.001854818663559854,-0.026649925857782364,0.0020331921987235546,0.0,0.0,0.0,0.0,0.0,0.0,0.5999999642372131,0.9987263083457947,0.0
4.334383964538574,98.7052230834961,57.486785888671875,0.2665894031524658,-0.26907387375831604,-0.01857677660882473,0.018796853721141815,0.9998476505279541,1.000001072883606,0.0,1.0,0.6108194589614868,-0.5937484502792358,0.003334126202389598,0.0033333301544189453,0.0,0.9999973773956299,0.9998476505279541,1.000001072883606,0.0,0.0,0.0,0.0,0.2672766149044037,0.2697293162345886,3.7318227291107178,-0.26004496216773987,-3.698411226272583,0.2583621144294739,0.0,0.0,0.0,0.0,0.9998476505279541,1.000001072883606,0.02665894292294979,-0.001857668161392212,-0.02665003016591072,0.00203604600392282,0.0,0.0,0.0,0.0,0.0,0.0,0.5999999642372131,0.9987263083457947,0.0
4.338583946228027,99.0076904296875,57.486785888671875,0.26659095287323,-0.26959896087646484,-0.018604623153805733,0.021259017288684845,0.9998469948768616,1.0000011920928955,0.0,1.0,0.6108194589614868,-0.5937484502792358,0.0033341178204864264,0.0033333301544189453,0.0,0.9999973773956299,0.9998469948768616,1.0000011920928955,0.0,0.0,0.0,0.0,0.267280250787735,0.27043554186820984,3.7317423820495605,-0.26042768359184265,-3.686300277709961,0.2906803488731384,0.0,0.0,0.0,0.0,0.9998469948768616,1.0000011920928955,0.02665909007191658,-0.0018604586366564035,-0.02665017545223236,0.002038841135799885,0.0,0.0,0.0,0.0,0.0,0.0,0.5999999642372131,0.9987263083457947,0.0
4.3427839279174805,99.31016540527344,57.486785888671875,0.26659145951271057,-0.26970741152763367,-0.018632087856531143,0.01983582228422165,0.9998462796211243,1.0000011920928955,0.0,1.0,0.6108194589614868,-0.5937484502792358,0.0033341043163090944,0.0033333301544189453,0.0,0.9999973773956299,0.9998462796211243,1.0000011920928955,0.0,0.0,0.0,0.0,0.2672828435897827,0.27043554186820984,3.7316768169403076,-0.2608070373535156,-3.6877832412719727,0.2712205946445465,0.0,0.0,0.0,0.0,0.9998462796211243,1.0000011920928955,0.02665913663804531,-0.0018632336286827922,-0.026650220155715942,0.0020416195038706064,0.0,0.0,0.0,0.0,0.0,0.0,0.5999999642372131,0.9987263083457947,0.0
4.346983909606934,99.61263275146484,57.486785888671875,0.26659220457077026,-0.2698083221912384,-0.018660012632608414,0.018412068486213684,0.999845564365387,1.0000011920928955,0.0,1.0,0.6108194589614868,-0.5937484502792358,0.0033340980298817158,0.0033333301544189453,0.0,0.9999973773956299,0.999845564365387,1.0000011920928955,0.0,0.0,0.0,0.0,0.2672857642173767,0.27043554186820984,3.7316067218780518,-0.26119229197502136,-3.6891632080078125,0.2517532706260681,0.0,0.0,0.0,0.0,0.999845564365387,1.0000011920928955,0.02665921486914158,-0.0018659894121810794,-0.02665029838681221,0.0020443792454898357,0.0,0.0,0.0,0.0,0.0,0.0,0.5999999642372131,0.9987263083457947,0.0
4.351183891296387,99.91510009765625,57.486785888671875,0.26659277081489563,-0.2703928053379059,-0.018686581403017044,0.020863071084022522,0.9998449087142944,1.0000011920928955,0.0,1.0,0.6108194589614868,-0.5937484502792358,0.0033340894151479006,0.0033333301544189453,0.0,0.9999973773956299,0.9998449087142944,1.0000011920928955,0.0,0.0,0.0,0.0,0.26728832721710205,0.2711961567401886,3.7315421104431152,-0.2615590989589691,-3.6764445304870605,0.28366854786872864,0.0,0.0,0.0,0.0,0.9998449087142944,1.0000011920928955,0.026659280061721802,-0.0018686730181798339,-0.026650363579392433,0.002047066343948245,0.0,0.0,0.0,0.0,0.0,0.0,0.5999999642372131,0.9987263083457947,0.0
4.35538387298584,100.21756744384766,57.486785888671875,0.2665935456752777,-0.25475290417671204,-0.018713224679231644,0.01954532414674759,0.9998442530632019,1.0000011920928955,0.0,1.0,0.6108194589614868,-0.5937484502792358,0.0033340826630592346,0.0033333301544189453,0.0,0.9999973773956299,0.9998442530632019,1.0000011920928955,0.0,0.0,0.0,0.0,0.2672911286354065,0.25550130009651184,3.7314748764038086,-0.2619265615940094,-3.9024102687835693,0.2994033396244049,0.0,0.0,0.0,0.0,0.9998442530632019,1.0000011920928955,0.02665935456752777,-0.001871339394710958,-0.026650438085198402,0.0020497364457696676,0.0,0.0,0.0,0.0,0.0,0.0,0.5999999642372131,0.9987263083457947,0.0
4.359583854675293,100.52002716064453,57.486785888671875,0.2665944993495941,-0.27112987637519836,-0.0187399759888649,0.021877635270357132,0.9998435974121094,1.0000011920928955,0.0,1.0,0.6108194589614868,-0.5937484502792358,0.0033340745139867067,0.0033333301544189453,0.0,0.9999973773956299,0.9998435974121094,1.0000011920928955,0.0,0.0,0.0,0.0,0.26729413866996765,0.27201077342033386,3.7314045429229736,-0.26229509711265564,-3.664418935775757,0.29568418860435486,0.0,0.0,0.0,0.0,0.9998435974121094,1.0000011920928955,0.02665945328772068,-0.001874007168225944,-0.02665053680539131,0.0020524084102362394,0.0,0.0,0.0,0.0,0.0,0.0,0.5999999642372131,0.9987263083457947,0.0
4.363783836364746,100.822509765625,57.486785888671875,0.2665953040122986,-0.27096542716026306,-0.018766440451145172,0.018512845039367676,0.9998429417610168,1.0000011920928955,0.0,1.0,0.6108194589614868,-0.5937484502792358,0.0033340658992528915,0.0033333301544189453,0.0,0.9999973773956299,0.9998429417610168,1.0000011920928955,0.0,0.0,0.0,0.0,0.26729699969291687,0.271596759557724,3.7313361167907715,-0.2626599073410034,-3.673369884490967,0.250971257686615,0.0,0.0,0.0,0.0,0.9998429417610168,1.0000011920928955,0.026659531518816948,-0.0018766609719023108,-0.02665061317384243,0.0020550659392029047,0.0,0.0,0.0,0.0,0.0,0.0,0.5999999642372131,0.9987263083457947,0.0
4.367983818054199,101.12496948242188,57.486785888671875,0.26659640669822693,-0.27134570479393005,-0.01879211887717247,0.019014496356248856,0.9998422861099243,1.0000011920928955,0.0,1.0,0.6108194589614868,-0.5937484502792358,0.0033340577501803637,0.0033333301544189453,0.0,0.9999973773956299,0.9998422861099243,1.0000011920928955,0.0,0.0,0.0,0.0,0.2673000693321228,0.27201077342033386,3.7312655448913574,-0.26301324367523193,-3.6673359870910645,0.2569878101348877,0.0,0.0,0.0,0.0,0.9998422861099243,1.0000011920928955,0.026659643277525902,-0.0018792314222082496,-0.026650726795196533,0.002057640580460429,0.0,0.0,0.0,0.0,0.0,0.0,0.5999999642372131,0.9987263083457947,0.0
4.372183799743652,101.42743682861328,57.486785888671875,0.26659753918647766,-0.255998432636261,-0.018818531185388565,0.01995459944009781,0.9998416304588318,1.0000011920928955,0.0,1.0,0.6108194589614868,-0.5937484502792358,0.00333404797129333,0.0033333301544189453,0.0,0.9999973773956299,0.9998416304588318,1.0000011920928955,0.0,0.0,0.0,0.0,0.2673032283782959,0.2567746639251709,3.7311933040618896,-0.2633766829967499,-3.8826920986175537,0.3026486039161682,0.0,0.0,0.0,0.0,0.9998416304588318,1.0000011920928955,0.02665974199771881,-0.001881862641312182,-0.026650825515389442,0.0020602757576853037,0.0,0.0,0.0,0.0,0.0,0.0,0.5999999642372131,0.9987263083457947,0.0
4.3763837814331055,101.72990417480469,57.486785888671875,0.26659855246543884,-0.27214479446411133,-0.018843326717615128,0.02000700682401657,0.9998409748077393,1.0000011920928955,0.0,1.0,0.6108194589614868,-0.5937484502792358,0.0033340374939143658,0.0033333301544189453,0.0,0.9999973773956299,0.9998409748077393,1.0000011920928955,0.0,0.0,0.0,0.0,0.2673061490058899,0.27287888526916504,3.731125831604004,-0.263717919588089,-3.654770612716675,0.2686842679977417,0.0,0.0,0.0,0.0,0.9998409748077393,1.0000011920928955,0.026659861207008362,-0.0018843247089534998,-0.026650944724678993,0.0020627418998628855,0.0,0.0,0.0,0.0,0.0,0.0,0.5999999642372131,0.9987263083457947,0.0
4.380583763122559,102.0323715209961,57.486785888671875,0.2665990889072418,-0.256828635931015,-0.018869023770093918,0.02110576257109642,0.9998403191566467,1.0000011920928955,0.0,1.0,0.6108194589614868,-0.5937484502792358,0.0033340277150273323,0.0033333301544189453,0.0,0.9999973773956299,0.9998403191566467,1.0000011920928955,0.0,0.0,0.0,0.0,0.26730868220329285,0.2576940953731537,3.731062889099121,-0.26407259702682495,-3.867537021636963,0.3178279399871826,0.0,0.0,0.0,0.0,0.9998403191566467,1.0000011920928955,0.02665991149842739,-0.0018868990009650588,-0.026650995016098022,0.0020653195679187775,0.0,0.0,0.0,0.0,0.0,0.0,0.5999999642372131,0.9987263083457947,0.0
4.384783744812012,102.33483123779297,57.486785888671875,0.26659971475601196,-0.2569364309310913,-0.01889316365122795,0.019749969244003296,0.999839723110199,1.000001072883606,0.0,1.0,0.6108194589614868,-0.5937484502792358,0.0033340209629386663,0.0033333301544189453,0.0,0.9999973773956299,0.999839723110199,1.000001072883606,0.0,0.0,0.0,0.0,0.267311155796051,0.2576940953731537,3.731001853942871,-0.2644055187702179,-3.8691606521606445,0.2974112927913666,0.0,0.0,0.0,0.0,0.999839723110199,1.000001072883606,0.02665996551513672,-0.0018893488449975848,-0.02665104530751705,0.002067772438749671,0.0,0.0,0.0,0.0,0.0,0.0,0.5999999642372131,0.9987263083457947,0.0
4.388983726501465,102.63729095458984,57.486785888671875,0.2666003406047821,-0.27310195565223694,-0.01891821250319481,0.019543234258890152,0.9998391270637512,1.0000011920928955,0.0,1.0,0.6108194589614868,-0.5937484502792358,0.003334013046696782,0.0033333301544189453,0.0,0.9999973773956299,0.9998391270637512,1.0000011920928955,0.0,0.0,0.0,0.0,0.26731371879577637,0.27379998564720154,3.7309391498565674,-0.26475101709365845,-3.6429898738861084,0.2606930732727051,0.0,0.0,0.0,0.0,0.9998391270637512,1.0000011920928955,0.026660025119781494,-0.00189184898044914,-0.026651108637452126,0.0020702762994915247,0.0,0.0,0.0,0.0,0.0,0.0,0.5999999642372131,0.9987263083457947,0.0
4.393183708190918,102.93975067138672,57.486785888671875,0.26660096645355225,-0.2732012867927551,-0.018942750990390778,0.018101569265127182,0.9998385310173035,1.0000011920928955,0.0,1.0,0.6108194589614868,-0.5937484502792358,0.003334006294608116,0.0033333301544189453,0.0,0.9999973773956299,0.9998385310173035,1.0000011920928955,0.0,0.0,0.0,0.0,0.2673162519931793,0.27379998564720154,3.73087739944458,-0.26508939266204834,-3.644315004348755,0.24146230518817902,0.0,0.0,0.0,0.0,0.9998385310173035,1.0000011920928955,0.02666010521352291,-0.0018943006871268153,-0.026651186868548393,0.0020727314986288548,0.0,0.0,0.0,0.0,0.0,0.0,0.5999999642372131,0.9987263083457947,0.0
4.397383689880371,103.2422103881836,57.486785888671875,0.26660090684890747,-0.258647084236145,-0.01896599307656288,0.02335992082953453,0.9998379349708557,1.0000011920928955,0.0,1.0,0.6108194589614868,-0.5937484502792358,0.00333399954251945,0.0033333301544189453,0.0,0.9999973773956299,0.9998379349708557,1.0000011920928955,0.0,0.0,0.0,0.0,0.2673180103302002,0.2596995234489441,3.730827569961548,-0.2654111385345459,-3.8349990844726562,0.34636110067367554,0.0,0.0,0.0,0.0,0.9998379349708557,1.0000011920928955,0.026660103350877762,-0.0018966117640957236,-0.026651183143258095,0.0020750449039041996,0.0,0.0,0.0,0.0,0.0,0.0,0.5999999642372131,0.9987263083457947,0.0
4.401583671569824,103.54466247558594,57.486785888671875,0.2666018605232239,-0.258766770362854,-0.018990084528923035,0.02199450507760048,0.999837338924408,1.0000011920928955,0.0,1.0,0.6108194589614868,-0.5937484502792358,0.0033339974470436573,0.0033333301544189453,0.0,0.9999973773956299,0.999837338924408,1.0000011920928955,0.0,0.0,0.0,0.0,0.26732078194618225,0.2596995234489441,3.7307629585266113,-0.26574277877807617,-3.836773633956909,0.32611575722694397,0.0,0.0,0.0,0.0,0.999837338924408,1.0000011920928955,0.02666017785668373,-0.001899022958241403,-0.026651261374354362,0.002077459590509534,0.0,0.0,0.0,0.0,0.0,0.0,0.5999999642372131,0.9987263083457947,0.0
4.405783653259277,103.84712982177734,57.486785888671875,0.26660245656967163,-0.2749647796154022,-0.01901383325457573,0.021438676863908768,0.9998367428779602,1.0000011920928955,0.0,1.0,0.6108194589614868,-0.5937484502792358,0.0033339885994791985,0.0033333301544189453,0.0,0.9999973773956299,0.9998367428779602,1.0000011920928955,0.0,0.0,0.0,0.0,0.2673232853412628,0.2757989466190338,3.7307024002075195,-0.266070157289505,-3.6148629188537598,0.2818465828895569,0.0,0.0,0.0,0.0,0.9998367428779602,1.0000011920928955,0.02666025422513485,-0.0019013964338228106,-0.02665133774280548,0.0020798365585505962,0.0,0.0,0.0,0.0,0.0,0.0,0.5999999642372131,0.9987263083457947,0.0
4.4099836349487305,104.14958953857422,57.486785888671875,0.2666034996509552,-0.259760320186615,-0.01903815194964409,0.02309029921889305,0.9998362064361572,1.0000011920928955,0.0,1.0,0.6108194589614868,-0.5937484502792358,0.0033339837100356817,0.0033333301544189453,0.0,0.9999973773956299,0.9998362064361572,1.0000011920928955,0.0,0.0,0.0,0.0,0.2673262059688568,0.26078423857688904,3.73063588142395,-0.26640456914901733,-3.8195316791534424,0.3395211398601532,0.0,0.0,0.0,0.0,0.9998362064361572,1.0000011920928955,0.02666034735739231,-0.001903794938698411,-0.026651427149772644,0.002082238672301173,0.0,0.0,0.0,0.0,0.0,0.0,0.5999999642372131,0.9987263083457947,0.0
4.414183616638184,104.45205688476562,57.486785888671875,0.26660454273223877,-0.25987857580184937,-0.019060183316469193,0.02171899750828743,0.9998356103897095,1.0000011920928955,0.0,1.0,0.6108194589614868,-0.5937484502792358,0.0033339746296405792,0.0033333301544189453,0.0,0.9999973773956299,0.9998356103897095,1.0000011920928955,0.0,0.0,0.0,0.0,0.26732897758483887,0.26078423857688904,3.7305729389190674,-0.2667073607444763,-3.821270227432251,0.3193574845790863,0.0,0.0,0.0,0.0,0.9998356103897095,1.0000011920928955,0.026660442352294922,-0.0019060276681557298,-0.026651525869965553,0.0020844750106334686,0.0,0.0,0.0,0.0,0.0,0.0,0.5999999642372131,0.9987263083457947,0.0
4.418383598327637,104.75450897216797,57.486785888671875,0.2666056454181671,-0.2752697467803955,-0.019083410501480103,0.017082493752241135,0.9998350739479065,1.0000011920928955,0.0,1.0,0.6108194589614868,-0.5937484502792358,0.0033339657820761204,0.0033333301544189453,0.0,0.9999973773956299,0.9998350739479065,1.0000011920928955,0.0,0.0,0.0,0.0,0.2673318386077881,0.2757989466190338,3.7305076122283936,-0.2670266628265381,-3.6188721656799316,0.224577397108078,0.0,0.0,0.0,0.0,0.9998350739479065,1.0000011920928955,0.02666057087481022,-0.0019083203515037894,-0.026651650667190552,0.002086771884933114,0.0,0.0,0.0,0.0,0.0,0.0,0.5999999642372131,0.9987263083457947,0.0
4.42258358001709,105.05696868896484,57.486785888671875,0.26660606265068054,-0.2609296441078186,-0.019105080515146255,0.02279030531644821,0.999834418296814,1.0000011920928955,0.0,1.0,0.6108194589614868,-0.5937484502792358,0.0033339555375277996,0.0033333301544189453,0.0,0.9999973773956299,0.999834418296814,1.0000011920928955,0.0,0.0,0.0,0.0,0.267333984375,0.2619227170944214,3.7304537296295166,-0.26732558012008667,-3.8034441471099854,0.332203209400177,0.0,0.0,0.0,0.0,0.999834418296814,1.0000011920928955,0.0266606155782938,-0.0019105445826426148,-0.026651699095964432,0.002088999142870307,0.0,0.0,0.0,0.0,0.0,0.0,0.5999999642372131,0.9987263083457947,0.0
4.426783561706543,105.35942077636719,57.486785888671875,0.2666066884994507,-0.26190271973609924,-0.01912751793861389,0.025224056094884872,0.9998339414596558,1.0000011920928955,0.0,1.0,0.6108194589614868,-0.5937484502792358,0.0033339497167617083,0.0033333301544189453,0.0,0.9999973773956299,0.9998339414596558,1.0000011920928955,0.0,0.0,0.0,0.0,0.26733633875846863,0.2631142735481262,3.7303967475891113,-0.2676348090171814,-3.7831292152404785,0.364356130361557,0.0,0.0,0.0,0.0,0.9998339414596558,1.0000011920928955,0.026660660281777382,-0.0019127443665638566,-0.026651743799448013,0.0020912017207592726,0.0,0.0,0.0,0.0,0.0,0.0,0.5999999642372131,0.9987263083457947,0.0
4.430983543395996,105.66188049316406,57.486785888671875,0.266606867313385,-0.2772587537765503,-0.019149411469697952,0.02033529430627823,0.999833345413208,1.0000011920928955,0.0,1.0,0.6108194589614868,-0.5937484502792358,0.003333942499011755,0.0033333301544189453,0.0,0.9999973773956299,0.999833345413208,1.0000011920928955,0.0,0.0,0.0,0.0,0.26733824610710144,0.27800318598747253,3.730346202850342,-0.2679373323917389,-3.587449312210083,0.2631182372570038,0.0,0.0,0.0,0.0,0.999833345413208,1.0000011920928955,0.026660693809390068,-0.0019149454310536385,-0.0266517736017704,0.0020934054628014565,0.0,0.0,0.0,0.0,0.0,0.0,0.5999999642372131,0.9987263083457947,0.0
4.435183525085449,105.96432495117188,57.486785888671875,0.2666075527667999,-0.26215437054634094,-0.0191715769469738,0.022458121180534363,0.999832808971405,1.000001072883606,0.0,1.0,0.6108194589614868,-0.5937484502792358,0.0033339390065521,0.0033333301544189453,0.0,0.9999973773956299,0.999832808971405,1.000001072883606,0.0,0.0,0.0,0.0,0.26734066009521484,0.2631142735481262,3.730288505554199,-0.26824262738227844,-3.786764144897461,0.32440274953842163,0.0,0.0,0.0,0.0,0.999832808971405,1.000001072883606,0.026660755276679993,-0.0019171516178175807,-0.026651835069060326,0.002095614792779088,0.0,0.0,0.0,0.0,0.0,0.0,0.5999999642372131,0.9987263083457947,0.0
4.439383506774902,106.26678466796875,57.486785888671875,0.2666081190109253,-0.2622692584991455,-0.019192706793546677,0.02107420191168785,0.9998322129249573,1.000001072883606,0.0,1.0,0.6108194589614868,-0.5937484502792358,0.0033339320216327906,0.0033333301544189453,0.0,0.9999973773956299,0.9998322129249573,1.000001072883606,0.0,0.0,0.0,0.0,0.2673428952693939,0.2631142735481262,3.730233669281006,-0.26853376626968384,-3.788423538208008,0.304412305355072,0.0,0.0,0.0,0.0,0.9998322129249573,1.000001072883606,0.026660820469260216,-0.0019192623440176249,-0.026651902124285698,0.002097728429362178,0.0,0.0,0.0,0.0,0.0,0.0,0.5999999642372131,0.9987263083457947,0.0
4.4435834884643555,106.5692367553711,57.486785888671875,0.26660898327827454,-0.26331350207328796,-0.019214246422052383,0.02348197251558304,0.9998317360877991,1.000001072883606,0.0,1.0,0.6108194589614868,-0.5937484502792358,0.003333926433697343,0.0033333301544189453,0.0,0.9999973773956299,0.9998317360877991,1.000001072883606,0.0,0.0,0.0,0.0,0.2673454284667969,0.26435819268226624,3.730175018310547,-0.2688300907611847,-3.7677979469299316,0.33600756525993347,0.0,0.0,0.0,0.0,0.9998317360877991,1.000001072883606,0.026660889387130737,-0.0019214218482375145,-0.02665196731686592,0.0020998914260417223,0.0,0.0,0.0,0.0,0.0,0.0,0.5999999642372131,0.9987263083457947,0.0
4.447783470153809,106.87169647216797,57.486785888671875,0.26660963892936707,-0.2634337842464447,-0.019235365092754364,0.022091921418905258,0.9998312592506409,1.0000011920928955,0.0,1.0,0.6108194589614868,-0.5937484502792358,0.0033339187502861023,0.0033333301544189453,0.0,0.9999973773956299,0.9998312592506409,1.0000011920928955,0.0,0.0,0.0,0.0,0.2673477232456207,0.26435819268226624,3.7301199436187744,-0.26912081241607666,-3.769519090652466,0.3161170780658722,0.0,0.0,0.0,0.0,0.9998312592506409,1.0000011920928955,0.02666095457971096,-0.001923519535921514,-0.026652036234736443,0.0021019920241087675,0.0,0.0,0.0,0.0,0.0,0.0,0.5999999642372131,0.9987263083457947,0.0
4.451983451843262,107.17415618896484,57.486785888671875,0.26661062240600586,-0.2796521484851837,-0.01925642043352127,0.020576760172843933,0.9998307228088379,1.0000011920928955,0.0,1.0,0.6108194589614868,-0.5937484502792358,0.0033339124638587236,0.0033333301544189453,0.0,0.9999973773956299,0.9998307228088379,1.0000011920928955,0.0,0.0,0.0,0.0,0.26735037565231323,0.2804078161716461,3.730059862136841,-0.269410103559494,-3.556623935699463,0.26169583201408386,0.0,0.0,0.0,0.0,0.9998307228088379,1.0000011920928955,0.026661057025194168,-0.0019256159430369735,-0.026652133092284203,0.0021040921565145254,0.0,0.0,0.0,0.0,0.0,0.0,0.5999999642372131,0.9987263083457947,0.0
4.456183433532715,107.47660064697266,57.486785888671875,0.26661112904548645,-0.2646489143371582,-0.019276216626167297,0.02308697998523712,0.9998301863670349,1.0000011920928955,0.0,1.0,0.6108194589614868,-0.5937484502792358,0.0033339038491249084,0.0033333301544189453,0.0,0.9999973773956299,0.9998301863670349,1.0000011920928955,0.0,0.0,0.0,0.0,0.26735246181488037,0.26565372943878174,3.730008840560913,-0.2696828544139862,-3.75006103515625,0.32714125514030457,0.0,0.0,0.0,0.0,0.9998301863670349,1.0000011920928955,0.026661112904548645,-0.0019276569364592433,-0.026652192696928978,0.002106135943904519,0.0,0.0,0.0,0.0,0.0,0.0,0.5999999642372131,0.9987263083457947,0.0
4.460383415222168,107.779052734375,57.486785888671875,0.2666119337081909,-0.2637505531311035,-0.01929754763841629,0.017918221652507782,0.9998296499252319,1.0000011920928955,0.0,1.0,0.6108194589614868,-0.5937484502792358,0.0033338977955281734,0.0033333301544189453,0.0,0.9999973773956299,0.9998296499252319,1.0000011920928955,0.0,0.0,0.0,0.0,0.26735493540763855,0.26435819268226624,3.7299513816833496,-0.269976407289505,-3.7740516662597656,0.2563948631286621,0.0,0.0,0.0,0.0,0.9998296499252319,1.0000011920928955,0.02666119672358036,-0.0019297729013487697,-0.026652276515960693,0.0021082551684230566,0.0,0.0,0.0,0.0,0.0,0.0,0.5999999642372131,0.9987263083457947,0.0
4.464583396911621,108.08151245117188,57.486785888671875,0.2666129171848297,-0.26591432094573975,-0.019317522644996643,0.024058423936367035,0.9998291730880737,1.0000011920928955,0.0,1.0,0.6108194589614868,-0.5937484502792358,0.003333890112116933,0.0033333301544189453,0.0,0.9999973773956299,0.9998291730880737,1.0000011920928955,0.0,0.0,0.0,0.0,0.2673574984073639,0.26700010895729065,3.729893922805786,-0.27025067806243896,-3.730085611343384,0.33747708797454834,0.0,0.0,0.0,0.0,0.9998291730880737,1.0000011920928955,0.026661301031708717,-0.001931769773364067,-0.02665238082408905,0.0021102556493133307,0.0,0.0,0.0,0.0,0.0,0.0,0.5999999642372131,0.9987263083457947,0.0
4.468783378601074,108.38395690917969,57.486785888671875,0.2666134238243103,-0.2649812698364258,-0.019337348639965057,0.018893912434577942,0.9998286962509155,1.000001072883606,0.0,1.0,0.6108194589614868,-0.5937484502792358,0.0033338810317218304,0.0033333301544189453,0.0,0.9999973773956299,0.9998286962509155,1.000001072883606,0.0,0.0,0.0,0.0,0.26735955476760864,0.26565372943878174,3.7298431396484375,-0.27052387595176697,-3.754770517349243,0.26772573590278625,0.0,0.0,0.0,0.0,0.9998286962509155,1.000001072883606,0.026661342009902,-0.0019337385892868042,-0.026652419939637184,0.002112227026373148,0.0,0.0,0.0,0.0,0.0,0.0,0.5999999642372131,0.9987263083457947,0.0
4.472983360290527,108.68640899658203,57.486785888671875,0.2666138708591461,-0.2661534547805786,-0.01935693621635437,0.02125021070241928,0.9998281598091125,1.0000011920928955,0.0,1.0,0.6108194589614868,-0.5937484502792358,0.0033338754437863827,0.0033333301544189453,0.0,0.9999973773956299,0.9998281598091125,1.0000011920928955,0.0,0.0,0.0,0.0,0.267361581325531,0.26700010895729065,3.7297933101654053,-0.27079376578330994,-3.7334401607513428,0.29808521270751953,0.0,0.0,0.0,0.0,0.9998281598091125,1.0000011920928955,0.026661384850740433,-0.0019357120618224144,-0.026652464643120766,0.0021142030600458384,0.0,0.0,0.0,0.0,0.0,0.0,0.5999999642372131,0.9987263083457947,0.0
4.4771833419799805,108.98885345458984,57.486785888671875,0.26661407947540283,-0.26626190543174744,-0.019376397132873535,0.019845210015773773,0.9998276829719543,1.0000011920928955,0.0,1.0,0.6108194589614868,-0.5937484502792358,0.0033338693901896477,0.0033333301544189453,0.0,0.9999973773956299,0.9998276829719543,1.0000011920928955,0.0,0.0,0.0,0.0,0.2673633396625519,0.26700010895729065,3.7297472953796387,-0.2710624635219574,-3.7349612712860107,0.27837663888931274,0.0,0.0,0.0,0.0,0.9998276829719543,1.0000011920928955,0.026661429554224014,-0.0019376715645194054,-0.026652509346604347,0.002116165356710553,0.0,0.0,0.0,0.0,0.0,0.0,0.5999999642372131,0.9987263083457947,0.0
4.481383323669434,109.29129791259766,57.486785888671875,0.2666148543357849,-0.2674786448478699,-0.01939602941274643,0.022183172404766083,0.9998272657394409,1.0000011920928955,0.0,1.0,0.6108194589614868,-0.5937484502792358,0.003333865664899349,0.0033333301544189453,0.0,0.9999973773956299,0.9998272657394409,1.0000011920928955,0.0,0.0,0.0,0.0,0.26736563444137573,0.26839661598205566,3.729693651199341,-0.271332323551178,-3.7130861282348633,0.3079424798488617,0.0,0.0,0.0,0.0,0.9998272657394409,1.0000011920928955,0.02666148543357849,-0.0019395853159949183,-0.026652563363313675,0.002118081785738468,0.0,0.0,0.0,0.0,0.0,0.0,0.5999999642372131,0.9987263083457947,0.0
4.485583305358887,109.59375,57.486785888671875,0.26661521196365356,-0.2664565443992615,-0.019415147602558136,0.017033562064170837,0.9998267292976379,1.0000011920928955,0.0,1.0,0.6108194589614868,-0.5937484502792358,0.0033338586799800396,0.0033333301544189453,0.0,0.9999973773956299,0.9998267292976379,1.0000011920928955,0.0,0.0,0.0,0.0,0.26736751198768616,0.26700010895729065,3.7296462059020996,-0.27159610390663147,-3.737691640853882,0.23893658816814423,0.0,0.0,0.0,0.0,0.9998267292976379,1.0000011920928955,0.026661518961191177,-0.001941530266776681,-0.026652595028281212,0.002120029181241989,0.0,0.0,0.0,0.0,0.0,0.0,0.5999999642372131,0.9987263083457947,0.0
4.48978328704834,109.89619445800781,57.486785888671875,0.2666155993938446,-0.2688530385494232,-0.019433684647083282,0.023090101778507233,0.9998262524604797,1.0000011920928955,0.0,1.0,0.6108194589614868,-0.5937484502792358,0.003333854489028454,0.0033333301544189453,0.0,0.9999973773956299,0.9998262524604797,1.0000011920928955,0.0,0.0,0.0,0.0,0.2673693895339966,0.2698424458503723,3.729599714279175,-0.271851509809494,-3.6922786235809326,0.3171066641807556,0.0,0.0,0.0,0.0,0.9998262524604797,1.0000011920928955,0.02666156366467476,-0.0019433776615187526,-0.026652639731764793,0.002121879253536463,0.0,0.0,0.0,0.0,0.0,0.0,0.5999999642372131,0.9987263083457947,0.0
4.493983268737793,110.19863891601562,57.486785888671875,0.2666153609752655,-0.26897114515304565,-0.019451871514320374,0.021670810878276825,0.9998258352279663,1.0000011920928955,0.0,1.0,0.6108194589614868,-0.5937484502792358,0.0033338498324155807,0.0033333301544189453,0.0,0.9999973773956299,0.9998258352279663,1.0000011920928955,0.0,0.0,0.0,0.0,0.2673705816268921,0.2698424458503723,3.729562997817993,-0.27210357785224915,-3.6939005851745605,0.2976148724555969,0.0,0.0,0.0,0.0,0.9998258352279663,1.0000011920928955,0.026661543175578117,-0.001945175463333726,-0.026652619242668152,0.0021236788015812635,0.0,0.0,0.0,0.0,0.0,0.0,0.5999999642372131,0.9987263083457947,0.0
4.498183250427246,110.50109100341797,57.486785888671875,0.26661646366119385,-0.26908180117607117,-0.01947060227394104,0.020250916481018066,0.9998253583908081,1.0000011920928955,0.0,1.0,0.6108194589614868,-0.5937484502792358,0.0033338498324155807,0.0033333301544189453,0.0,0.9999973773956299,0.9998253583908081,1.0000011920928955,0.0,0.0,0.0,0.0,0.26737314462661743,0.2698424458503723,3.729506254196167,-0.27236026525497437,-3.695420026779175,0.27811485528945923,0.0,0.0,0.0,0.0,0.9998253583908081,1.0000011920928955,0.026661638170480728,-0.0019470492843538523,-0.02665271796286106,0.0021255556493997574,0.0,0.0,0.0,0.0,0.0,0.0,0.5999999642372131,0.9987263083457947,0.0
4.502383232116699,110.80353546142578,57.486785888671875,0.2666168808937073,-0.2691849172115326,-0.019489094614982605,0.018830470740795135,0.9998248815536499,1.0000011920928955,0.0,1.0,0.6108194589614868,-0.5937484502792358,0.003333841450512409,0.0033333301544189453,0.0,0.9999973773956299,0.9998248815536499,1.0000011920928955,0.0,0.0,0.0,0.0,0.26737505197525024,0.2698424458503723,3.729459047317505,-0.2726150453090668,-3.696836471557617,0.2586072087287903,0.0,0.0,0.0,0.0,0.9998248815536499,1.0000011920928955,0.026661688461899757,-0.0019489036640152335,-0.02665276825428009,0.0021274127066135406,0.0,0.0,0.0,0.0,0.0,0.0,0.5999999642372131,0.9987263083457947,0.0
4.506583213806152,111.1059799194336,57.486785888671875,0.2666177749633789,-0.2692805528640747,-0.019506990909576416,0.017409488558769226,0.9998244643211365,1.0000011920928955,0.0,1.0,0.6108194589614868,-0.5937484502792358,0.0033338377252221107,0.0033333301544189453,0.0,0.9999973773956299,0.9998244643211365,1.0000011920928955,0.0,0.0,0.0,0.0,0.2673773765563965,0.2698424458503723,3.7294070720672607,-0.27286067605018616,-3.6981496810913086,0.23909221589565277,0.0,0.0,0.0,0.0,0.9998244643211365,1.0000011920928955,0.026661774143576622,-0.0019506860990077257,-0.026652852073311806,0.002129198284819722,0.0,0.0,0.0,0.0,0.0,0.0,0.5999999642372131,0.9987263083457947,0.0
4.5107831954956055,111.4084243774414,57.486785888671875,0.26661840081214905,-0.25707608461380005,-0.01952509582042694,0.028400428593158722,0.999824047088623,1.0000011920928955,0.0,1.0,0.6108194589614868,-0.5937484502792358,0.003333830274641514,0.0033333301544189453,0.0,0.9999973773956299,0.999824047088623,1.0000011920928955,0.0,0.0,0.0,0.0,0.26737943291664124,0.25863978266716003,3.729358673095703,-0.2731097638607025,-3.843005895614624,0.42455530166625977,0.0,0.0,0.0,0.0,0.999824047088623,1.0000011920928955,0.0266618262976408,-0.0019525167299434543,-0.026652906090021133,0.0021310315933078527,0.0,0.0,0.0,0.0,0.0,0.0,0.5999999642372131,0.9987263083457947,0.0
4.514983177185059,111.71087646484375,57.486785888671875,0.26661914587020874,-0.27199476957321167,-0.019543282687664032,0.021952316164970398,0.9998235702514648,1.0000011920928955,0.0,1.0,0.6108194589614868,-0.5937484502792358,0.003333824221044779,0.0033333301544189453,0.0,0.9999973773956299,0.9998235702514648,1.0000011920928955,0.0,0.0,0.0,0.0,0.26738160848617554,0.27287888526916504,3.7293078899383545,-0.2733597159385681,-3.6527562141418457,0.2948087751865387,0.0,0.0,0.0,0.0,0.9998235702514648,1.0000011920928955,0.026661906391382217,-0.0019543138332664967,-0.02665298618376255,0.002132831607013941,0.0,0.0,0.0,0.0,0.0,0.0,0.5999999642372131,0.9987263083457947,0.0
4.519183158874512,112.01332092285156,57.486785888671875,0.26661956310272217,-0.2721068561077118,-0.01956026256084442,0.02051646262407303,0.9998231530189514,1.0000011920928955,0.0,1.0,0.6108194589614868,-0.5937484502792358,0.0033338170032948256,0.0033333301544189453,0.0,0.9999973773956299,0.9998231530189514,1.0000011920928955,0.0,0.0,0.0,0.0,0.2673833966255188,0.27287888526916504,3.7292640209198,-0.2735934555530548,-3.654261350631714,0.2755259573459625,0.0,0.0,0.0,0.0,0.9998231530189514,1.0000011920928955,0.026661962270736694,-0.0019560183864086866,-0.026653040200471878,0.0021345384884625673,0.0,0.0,0.0,0.0,0.0,0.0,0.5999999642372131,0.9987263083457947,0.0
4.523383140563965,112.31576538085938,57.486785888671875,0.2666201591491699,-0.2574934661388397,-0.01957688480615616,0.02432657778263092,0.9998226761817932,1.000001072883606,0.0,1.0,0.6108194589614868,-0.5937484502792358,0.0033338123466819525,0.0033333301544189453,0.0,0.9999973773956299,0.9998226761817932,1.000001072883606,0.0,0.0,0.0,0.0,0.267385333776474,0.25863978266716003,3.7292182445526123,-0.2738220691680908,-3.849245548248291,0.3636557459831238,0.0,0.0,0.0,0.0,0.9998226761817932,1.000001072883606,0.026662006974220276,-0.0019576973281800747,-0.02665308490395546,0.0021362199913710356,0.0,0.0,0.0,0.0,0.0,0.0,0.5999999642372131,0.9987263083457947,0.0
4.527583122253418,112.61820220947266,57.486785888671875,0.2666206359863281,-0.2602803707122803,-0.01959434151649475,0.030312202870845795,0.9998222589492798,1.000001072883606,0.0,1.0,0.6108194589614868,-0.5937484502792358,0.003333806060254574,0.0033333301544189453,0.0,0.9999973773956299,0.9998222589492798,1.000001072883606,0.0,0.0,0.0,0.0,0.2673872113227844,0.2620392143726349,3.729172945022583,-0.2740624248981476,-3.7906076908111572,0.4414534568786621,0.0,0.0,0.0,0.0,0.9998222589492798,1.000001072883606,0.0266620721668005,-0.0019594363402575254,-0.026653150096535683,0.0021379615645855665,0.0,0.0,0.0,0.0,0.0,0.0,0.5999999642372131,0.9987263083457947,0.0
4.531783103942871,112.92063903808594,57.486785888671875,0.2666209042072296,-0.2604367434978485,-0.019611172378063202,0.028938069939613342,0.9998218417167664,1.0000011920928955,0.0,1.0,0.6108194589614868,-0.5937484502792358,0.0033338009379804134,0.0033333301544189453,0.0,0.9999973773956299,0.9998218417167664,1.0000011920928955,0.0,0.0,0.0,0.0,0.26738882064819336,0.2620392143726349,3.7291316986083984,-0.2742944359779358,-3.7928850650787354,0.42144113779067993,0.0,0.0,0.0,0.0,0.9998218417167664,1.0000011920928955,0.026662087067961693,-0.0019611469469964504,-0.026653164997696877,0.0021396742668002844,0.0,0.0,0.0,0.0,0.0,0.0,0.5999999642372131,0.9987263083457947,0.0
4.535983085632324,113.22309112548828,57.486785888671875,0.26662135124206543,-0.26058584451675415,-0.019627757370471954,0.027563124895095825,0.9998213648796082,1.0000011920928955,0.0,1.0,0.6108194589614868,-0.5937484502792358,0.0033337969798594713,0.0033333301544189453,0.0,0.9999973773956299,0.9998213648796082,1.0000011920928955,0.0,0.0,0.0,0.0,0.26739057898521423,0.2620392143726349,3.729088544845581,-0.2745227813720703,-3.7950563430786133,0.4014170467853546,0.0,0.0,0.0,0.0,0.9998213648796082,1.0000011920928955,0.026662135496735573,-0.0019627800211310387,-0.026653213426470757,0.002141309902071953,0.0,0.0,0.0,0.0,0.0,0.0,0.5999999642372131,0.9987263083457947,0.0
4.540183067321777,113.52552795410156,57.486785888671875,0.26662153005599976,-0.2725534737110138,-0.019644327461719513,0.013329431414604187,0.9998210668563843,1.0000011920928955,0.0,1.0,0.6108194589614868,-0.5937484502792358,0.0033337920904159546,0.0033333301544189453,0.0,0.9999973773956299,0.9998210668563843,1.0000011920928955,0.0,0.0,0.0,0.0,0.267392098903656,0.27287888526916504,3.7290492057800293,-0.2747514247894287,-3.6602590084075928,0.17900770902633667,0.0,0.0,0.0,0.0,0.9998210668563843,1.0000011920928955,0.026662154123187065,-0.0019644524436444044,-0.0266532301902771,0.002142984187230468,0.0,0.0,0.0,0.0,0.0,0.0,0.5999999642372131,0.9987263083457947,0.0
4.5443830490112305,113.82796478271484,57.486785888671875,0.26662182807922363,-0.2608622908592224,-0.01966126263141632,0.02481096237897873,0.9998205900192261,1.0000011920928955,0.0,1.0,0.6108194589614868,-0.5937484502792358,0.0033337895292788744,0.0033333301544189453,0.0,0.9999973773956299,0.9998205900192261,1.0000011920928955,0.0,0.0,0.0,0.0,0.2673937678337097,0.2620392143726349,3.7290070056915283,-0.2749849557876587,-3.7990822792053223,0.36133575439453125,0.0,0.0,0.0,0.0,0.9998205900192261,1.0000011920928955,0.026662180200219154,-0.0019661327823996544,-0.026653258129954338,0.002144667087122798,0.0,0.0,0.0,0.0,0.0,0.0,0.5999999642372131,0.9987263083457947,0.0
4.548583030700684,114.13040924072266,57.486785888671875,0.2666225731372833,-0.26098960638046265,-0.019677482545375824,0.023433826863765717,0.9998201727867126,1.0000011920928955,0.0,1.0,0.6108194589614868,-0.5937484502792358,0.003333785803988576,0.0033333301544189453,0.0,0.9999973773956299,0.9998201727867126,1.0000011920928955,0.0,0.0,0.0,0.0,0.2673957943916321,0.2620392143726349,3.7289605140686035,-0.27520751953125,-3.800936460494995,0.34127989411354065,0.0,0.0,0.0,0.0,0.9998201727867126,1.0000011920928955,0.02666226401925087,-0.0019677728414535522,-0.026653338223695755,0.002146309707313776,0.0,0.0,0.0,0.0,0.0,0.0,0.5999999642372131,0.9987263083457947,0.0
4.552783012390137,114.43284606933594,57.486785888671875,0.2666230797767639,-0.2611096203327179,-0.019693247973918915,0.022056028246879578,0.9998197555541992,1.000001072883606,0.0,1.0,0.6108194589614868,-0.5937484502792358,0.0033337799832224846,0.0033333301544189453,0.0,0.9999973773956299,0.9998197555541992,1.000001072883606,0.0,0.0,0.0,0.0,0.26739758253097534,0.2620392143726349,3.7289178371429443,-0.27542442083358765,-3.8026845455169678,0.3212142884731293,0.0,0.0,0.0,0.0,0.9998197555541992,1.000001072883606,0.026662295684218407,-0.0019693428184837103,-0.02665337361395359,0.002147881779819727,0.0,0.0,0.0,0.0,0.0,0.0,0.5999999642372131,0.9987263083457947,0.0
4.55698299407959,114.73529815673828,57.486785888671875,0.26662352681159973,-0.26122239232063293,-0.01970907300710678,0.020677633583545685,0.9998193979263306,1.000001072883606,0.0,1.0,0.6108194589614868,-0.5937484502792358,0.0033337753266096115,0.0033333301544189453,0.0,0.9999973773956299,0.9998193979263306,1.000001072883606,0.0,0.0,0.0,0.0,0.26739928126335144,0.2620392143726349,3.7288763523101807,-0.2756422758102417,-3.8043267726898193,0.30113983154296875,0.0,0.0,0.0,0.0,0.9998193979263306,1.000001072883606,0.026662349700927734,-0.0019709160551428795,-0.026653427630662918,0.0021494575776159763,0.0,0.0,0.0,0.0,0.0,0.0,0.5999999642372131,0.9987263083457947,0.0
4.561182975769043,115.03773498535156,57.486785888671875,0.2666241526603699,-0.26132792234420776,-0.01972438395023346,0.01929866522550583,0.9998190402984619,1.0000011920928955,0.0,1.0,0.6108194589614868,-0.5937484502792358,0.0033337706699967384,0.0033333301544189453,0.0,0.9999973773956299,0.9998190402984619,1.0000011920928955,0.0,0.0,0.0,0.0,0.26740115880966187,0.2620392143726349,3.7288334369659424,-0.2758524715900421,-3.805863380432129,0.28105711936950684,0.0,0.0,0.0,0.0,0.9998190402984619,1.0000011920928955,0.026662413030862808,-0.001972471596673131,-0.026653489097952843,0.002151015680283308,0.0,0.0,0.0,0.0,0.0,0.0,0.5999999642372131,0.9987263083457947,0.0
4.565382957458496,115.34017181396484,57.486785888671875,0.26662465929985046,-0.26443395018577576,-0.01974087953567505,0.025129415094852448,0.9998186230659485,1.0000011920928955,0.0,1.0,0.6108194589614868,-0.5937484502792358,0.003333764849230647,0.0033333301544189453,0.0,0.9999973773956299,0.9998186230659485,1.0000011920928955,0.0,0.0,0.0,0.0,0.2674029469490051,0.265625,3.7287895679473877,-0.2760794162750244,-3.7478251457214355,0.356159508228302,0.0,0.0,0.0,0.0,0.9998186230659485,1.0000011920928955,0.02666245959699154,-0.001974086742848158,-0.026653533801436424,0.002152632921934128,0.0,0.0,0.0,0.0,0.0,0.0,0.5999999642372131,0.9987263083457947,0.0
4.569582939147949,115.64261627197266,57.486785888671875,0.26662516593933105,-0.2645629048347473,-0.019755959510803223,0.02373342216014862,0.9998182654380798,1.0000011920928955,0.0,1.0,0.6108194589614868,-0.5937484502792358,0.003333760192617774,0.0033333301544189453,0.0,0.9999973773956299,0.9998182654380798,1.0000011920928955,0.0,0.0,0.0,0.0,0.2674046754837036,0.265625,3.7287485599517822,-0.276286780834198,-3.749652624130249,0.33637407422065735,0.0,0.0,0.0,0.0,0.9998182654380798,1.0000011920928955,0.026662511751055717,-0.001975588034838438,-0.026653587818145752,0.0021541365422308445,0.0,0.0,0.0,0.0,0.0,0.0,0.5999999642372131,0.9987263083457947,0.0
4.573782920837402,115.94505310058594,57.486785888671875,0.2666258215904236,-0.2646844685077667,-0.019771158695220947,0.022336773574352264,0.9998179078102112,1.0000011920928955,0.0,1.0,0.6108194589614868,-0.5937484502792358,0.00333375483751297,0.0033333301544189453,0.0,0.9999973773956299,0.9998179078102112,1.0000011920928955,0.0,0.0,0.0,0.0,0.26740655303001404,0.265625,3.728705406188965,-0.27649542689323425,-3.751375913619995,0.31657928228378296,0.0,0.0,0.0,0.0,0.9998179078102112,1.0000011920928955,0.026662591844797134,-0.0019771119114011526,-0.02665366604924202,0.002155663212761283,0.0,0.0,0.0,0.0,0.0,0.0,0.5999999642372131,0.9987263083457947,0.0
4.5779829025268555,116.24748992919922,57.486785888671875,0.26662638783454895,-0.26479867100715637,-0.019786611199378967,0.02093949168920517,0.9998174905776978,1.0000011920928955,0.0,1.0,0.6108194589614868,-0.5937484502792358,0.0033337490167468786,0.0033333301544189453,0.0,0.9999973773956299,0.9998174905776978,1.0000011920928955,0.0,0.0,0.0,0.0,0.2674083709716797,0.265625,3.7286627292633057,-0.27670782804489136,-3.7529942989349365,0.29677560925483704,0.0,0.0,0.0,0.0,0.9998174905776978,1.0000011920928955,0.026662630960345268,-0.0019786253105849028,-0.026653707027435303,0.0021571784745901823,0.0,0.0,0.0,0.0,0.0,0.0,0.5999999642372131,0.9987263083457947,0.0
4.582182884216309,116.54993438720703,57.486785888671875,0.26662689447402954,-0.2680648863315582,-0.019801296293735504,0.026686817407608032,0.9998170733451843,1.0000011920928955,0.0,1.0,0.6108194589614868,-0.5937484502792358,0.003333743428811431,0.0033333301544189453,0.0,0.9999973773956299,0.9998170733451843,1.0000011920928955,0.0,0.0,0.0,0.0,0.2674100995063782,0.26938968896865845,3.7286221981048584,-0.2769096791744232,-3.6938393115997314,0.3677349090576172,0.0,0.0,0.0,0.0,0.9998170733451843,1.0000011920928955,0.02666270174086094,-0.001980152213945985,-0.026653775945305824,0.0021587081719189882,0.0,0.0,0.0,0.0,0.0,0.0,0.5999999642372131,0.9987263083457947,0.0
4.586382865905762,116.85237121582031,57.486785888671875,0.2666284441947937,-0.268202006816864,-0.01981636881828308,0.025271646678447723,0.9998167157173157,1.0000011920928955,0.0,1.0,0.6108194589614868,-0.5937484502792358,0.003333738073706627,0.0033333301544189453,0.0,0.9999973773956299,0.9998167157173157,1.0000011920928955,0.0,0.0,0.0,0.0,0.26741281151771545,0.26938968896865845,3.728567361831665,-0.27711474895477295,-3.6957287788391113,0.3482343256473541,0.0,0.0,0.0,0.0,0.9998167157173157,1.0000011920928955,0.026662839576601982,-0.0019816437270492315,-0.026653915643692017,0.0021602031774818897,0.0,0.0,0.0,0.0,0.0,0.0,0.5999999642372131,0.9987263083457947,0.0
4.590582847595215,117.15482330322266,57.486785888671875,0.26662883162498474,-0.2650970220565796,-0.019830703735351562,0.016744323074817657,0.9998162984848022,1.0000011920928955,0.0,1.0,0.6108194589614868,-0.5937484502792358,0.003333726432174444,0.0033333301544189453,0.0,0.9999973773956299,0.9998162984848022,1.0000011920928955,0.0,0.0,0.0,0.0,0.267414391040802,0.265625,3.728529453277588,-0.27731195092201233,-3.757222890853882,0.23731747269630432,0.0,0.0,0.0,0.0,0.9998162984848022,1.0000011920928955,0.026662876829504967,-0.001983064692467451,-0.02665395475924015,0.002161626238375902,0.0,0.0,0.0,0.0,0.0,0.0,0.5999999642372131,0.9987263083457947,0.0
4.594782829284668,117.45726013183594,57.486785888671875,0.2666304409503937,-0.25426527857780457,-0.019845426082611084,0.028983458876609802,0.9998160600662231,1.0000011920928955,0.0,1.0,0.6108194589614868,-0.5937484502792358,0.003333721775561571,0.0033333301544189453,0.0,0.9999973773956299,0.9998160600662231,1.0000011920928955,0.0,0.0,0.0,0.0,0.26741713285446167,0.25591155886650085,3.7284748554229736,-0.27751216292381287,-3.882462739944458,0.44255828857421875,0.0,0.0,0.0,0.0,0.9998160600662231,1.0000011920928955,0.02666305936872959,-0.0019845508504658937,-0.026654137298464775,0.002163116354495287,0.0,0.0,0.0,0.0,0.0,0.0,0.5999999642372131,0.9987263083457947,0.0
4.598982810974121,117.75969696044922,57.486785888671875,0.26663148403167725,-0.2685684859752655,-0.019859716296195984,0.02102208137512207,0.9998156428337097,1.000001072883606,0.0,1.0,0.6108194589614868,-0.5937484502792358,0.003333708271384239,0.0033333301544189453,0.0,0.9999973773956299,0.9998156428337097,1.000001072883606,0.0,0.0,0.0,0.0,0.26741936802864075,0.26938968896865845,3.7284271717071533,-0.2777072787284851,-3.7007789611816406,0.28967681527137756,0.0,0.0,0.0,0.0,0.9998156428337097,1.000001072883606,0.026663122698664665,-0.001985958544537425,-0.0266541987657547,0.0021645266097038984,0.0,0.0,0.0,0.0,0.0,0.0,0.5999999642372131,0.9987263083457947,0.0
4.603182792663574,118.06214141845703,57.486785888671875,0.2666322886943817,-0.2686757445335388,-0.019874058663845062,0.01960432529449463,0.9998152852058411,1.0000011920928955,0.0,1.0,0.6108194589614868,-0.5937484502792358,0.003333698958158493,0.0033333301544189453,0.0,0.9999973773956299,0.9998152852058411,1.0000011920928955,0.0,0.0,0.0,0.0,0.26742133498191833,0.26938968896865845,3.728384256362915,-0.27790382504463196,-3.702256441116333,0.270140677690506,0.0,0.0,0.0,0.0,0.9998152852058411,1.0000011920928955,0.02666322886943817,-0.0019874025601893663,-0.026654303073883057,0.0021659734193235636,0.0,0.0,0.0,0.0,0.0,0.0,0.5999999642372131,0.9987263083457947,0.0
4.607382774353027,118.36457061767578,57.486785888671875,0.2666319012641907,-0.26877543330192566,-0.01988733559846878,0.018186010420322418,0.9998149275779724,1.0000011920928955,0.0,1.0,0.6108194589614868,-0.5937484502792358,0.003333690110594034,0.0033333301544189453,0.0,0.9999973773956299,0.9998149275779724,1.0000011920928955,0.0,0.0,0.0,0.0,0.26742205023765564,0.26938968896865845,3.7283589839935303,-0.2780880331993103,-3.7036306858062744,0.25059688091278076,0.0,0.0,0.0,0.0,0.9998149275779724,1.0000011920928955,0.02666320465505123,-0.001988727366551757,-0.026654278859496117,0.0021672991570085287,0.0,0.0,0.0,0.0,0.0,0.0,0.5999999642372131,0.9987263083457947,0.0
4.6115827560424805,118.66699981689453,57.486785888671875,0.26663124561309814,-0.25482043623924255,-0.01990080624818802,0.023609481751918793,0.9998146295547485,1.000001072883606,0.0,1.0,0.6108194589614868,-0.5937484502792358,0.003333688946440816,0.0033333301544189453,0.0,0.9999973773956299,0.9998146295547485,1.000001072883606,0.0,0.0,0.0,0.0,0.26742246747016907,0.25591155886650085,3.7283380031585693,-0.2782754600048065,-3.890939712524414,0.36050117015838623,0.0,0.0,0.0,0.0,0.9998146295547485,1.000001072883606,0.026663124561309814,-0.0019900912884622812,-0.0266541987657547,0.0021686635445803404,0.0,0.0,0.0,0.0,0.0,0.0,0.5999999642372131,0.9987263083457947,0.0
4.615782737731934,118.96942138671875,57.486785888671875,0.26663151383399963,-0.25494152307510376,-0.01991436630487442,0.022264249622821808,0.9998142719268799,1.0000011920928955,0.0,1.0,0.6108194589614868,-0.5937484502792358,0.0033336898777633905,0.0033333301544189453,0.0,0.9999973773956299,0.9998142719268799,1.0000011920928955,0.0,0.0,0.0,0.0,0.2674238383769989,0.25591155886650085,3.7283031940460205,-0.2784622311592102,-3.8927881717681885,0.33996039628982544,0.0,0.0,0.0,0.0,0.9998142719268799,1.0000011920928955,0.026663143187761307,-0.00199147523380816,-0.026654217392206192,0.0021700493525713682,0.0,0.0,0.0,0.0,0.0,0.0,0.5999999642372131,0.9987263083457947,0.0
4.619982719421387,119.2718505859375,57.486785888671875,0.2666310667991638,-0.2550554871559143,-0.019928395748138428,0.020918406546115875,0.9998139142990112,1.0000011920928955,0.0,1.0,0.6108194589614868,-0.5937484502792358,0.0033336866181343794,0.0033333301544189453,0.0,0.9999973773956299,0.9998139142990112,1.0000011920928955,0.0,0.0,0.0,0.0,0.2674245238304138,0.25591155886650085,3.7282779216766357,-0.2786570191383362,-3.894528388977051,0.31941020488739014,0.0,0.0,0.0,0.0,0.9998139142990112,1.0000011920928955,0.026663092896342278,-0.0019928456749767065,-0.026654168963432312,0.002171420492231846,0.0,0.0,0.0,0.0,0.0,0.0,0.5999999642372131,0.9987263083457947,0.0
4.62418270111084,119.57427978515625,57.486785888671875,0.26663047075271606,-0.27263134717941284,-0.0199415385723114,0.01947670429944992,0.9998136162757874,1.0000011920928955,0.0,1.0,0.6108194589614868,-0.5937484502792358,0.0033336891792714596,0.0033333301544189453,0.0,0.9999973773956299,0.9998136162757874,1.0000011920928955,0.0,0.0,0.0,0.0,0.2674250304698944,0.2733258605003357,3.7282559871673584,-0.27883973717689514,-3.6493401527404785,0.2607077360153198,0.0,0.0,0.0,0.0,0.9998136162757874,1.0000011920928955,0.02666306309401989,-0.0019941304344683886,-0.026654137298464775,0.002172706415876746,0.0,0.0,0.0,0.0,0.0,0.0,0.5999999642372131,0.9987263083457947,0.0
4.628382682800293,119.87669372558594,57.486785888671875,0.2666306495666504,-0.2588306963443756,-0.01995447278022766,0.025174811482429504,0.9998132586479187,1.000001072883606,0.0,1.0,0.6108194589614868,-0.5937484502792358,0.003333692206069827,0.0033333301544189453,0.0,0.9999973773956299,0.9998132586479187,1.000001072883606,0.0,0.0,0.0,0.0,0.2674262225627899,0.26005181670188904,3.728224515914917,-0.27901801466941833,-3.8273305892944336,0.3722600042819977,0.0,0.0,0.0,0.0,0.9998132586479187,1.000001072883606,0.02666306495666504,-0.0019954266026616096,-0.026654139161109924,0.002174003981053829,0.0,0.0,0.0,0.0,0.0,0.0,0.5999999642372131,0.9987263083457947,0.0
4.632582664489746,120.17912292480469,57.486785888671875,0.26663070917129517,-0.2728217840194702,-0.01996660977602005,0.016597852110862732,0.9998130202293396,1.0000011920928955,0.0,1.0,0.6108194589614868,-0.5937484502792358,0.003333691507577896,0.0033333301544189453,0.0,0.9999973773956299,0.9998130202293396,1.0000011920928955,0.0,0.0,0.0,0.0,0.2674272358417511,0.2733258605003357,3.728196859359741,-0.27918553352355957,-3.651888847351074,0.22217249870300293,0.0,0.0,0.0,0.0,0.9998130202293396,1.0000011920928955,0.026663077995181084,-0.0019966650288552046,-0.02665415219962597,0.002175243804231286,0.0,0.0,0.0,0.0,0.0,0.0,0.5999999642372131,0.9987263083457947,0.0
4.636782646179199,120.48155212402344,57.486785888671875,0.26663103699684143,-0.2729055881500244,-0.019979871809482574,0.015157714486122131,0.999812662601471,1.0000011920928955,0.0,1.0,0.6108194589614868,-0.5937484502792358,0.0033336919732391834,0.0033333301544189453,0.0,0.9999973773956299,0.999812662601471,1.0000011920928955,0.0,0.0,0.0,0.0,0.2674286663532257,0.2733258605003357,3.7281618118286133,-0.2793680727481842,-3.653010606765747,0.2028953731060028,0.0,0.0,0.0,0.0,0.999812662601471,1.0000011920928955,0.02666308544576168,-0.001997973071411252,-0.026654159650206566,0.0021765537094324827,0.0,0.0,0.0,0.0,0.0,0.0,0.5999999642372131,0.9987263083457947,0.0
4.640982627868652,120.78398132324219,57.486785888671875,0.2666301429271698,-0.2628750801086426,-0.01999245584011078,0.027966052293777466,0.9998123049736023,1.0000011920928955,0.0,1.0,0.6108194589614868,-0.5937484502792358,0.0033336898777633905,0.0033333301544189453,0.0,0.9999973773956299,0.9998123049736023,1.0000011920928955,0.0,0.0,0.0,0.0,0.26742884516716003,0.26435819268226624,3.728144884109497,-0.2795436978340149,-3.7615244388580322,0.40017104148864746,0.0,0.0,0.0,0.0,0.9998123049736023,1.0000011920928955,0.026662999764084816,-0.001999272033572197,-0.02665407769382,0.0021778529044240713,0.0,0.0,0.0,0.0,0.0,0.0,0.5999999642372131,0.9987263083457947,0.0
4.6451826095581055,121.0864028930664,57.486785888671875,0.26662999391555786,-0.2767648994922638,-0.02000497281551361,0.01914912462234497,0.9998119473457336,1.000001072883606,0.0,1.0,0.6108194589614868,-0.5937484502792358,0.003333695698529482,0.0033333301544189453,0.0,0.9999973773956299,0.9998119473457336,1.000001072883606,0.0,0.0,0.0,0.0,0.2674297094345093,0.27742627263069153,3.728118658065796,-0.2797168493270874,-3.59596848487854,0.24880202114582062,0.0,0.0,0.0,0.0,0.9998119473457336,1.000001072883606,0.02666299417614937,-0.002000481588765979,-0.026654068380594254,0.0021790636237710714,0.0,0.0,0.0,0.0,0.0,0.0,0.5999999642372131,0.9987263083457947,0.0
4.649382591247559,121.38883209228516,57.486785888671875,0.2666301429271698,-0.26315563917160034,-0.02001769095659256,0.025189712643623352,0.9998117089271545,1.0000011920928955,0.0,1.0,0.6108194589614868,-0.5937484502792358,0.003333696397021413,0.0033333301544189453,0.0,0.9999973773956299,0.9998117089271545,1.0000011920928955,0.0,0.0,0.0,0.0,0.2674308717250824,0.26435819268226624,3.728088140487671,-0.279892235994339,-3.7655389308929443,0.3604438602924347,0.0,0.0,0.0,0.0,0.9998117089271545,1.0000011920928955,0.026663025841116905,-0.002001772401854396,-0.02665410004556179,0.0021803562995046377,0.0,0.0,0.0,0.0,0.0,0.0,0.5999999642372131,0.9987263083457947,0.0
4.653582572937012,121.6912612915039,57.486785888671875,0.2666298449039459,-0.2769516110420227,-0.02002936601638794,0.01622665673494339,0.9998113512992859,1.0000011920928955,0.0,1.0,0.6108194589614868,-0.5937484502792358,0.0033336966298520565,0.0033333301544189453,0.0,0.9999973773956299,0.9998113512992859,1.0000011920928955,0.0,0.0,0.0,0.0,0.2674315571784973,0.27742627263069153,3.728065013885498,-0.2800541818141937,-3.5983946323394775,0.2108307033777237,0.0,0.0,0.0,0.0,0.9998113512992859,1.0000011920928955,0.02666298858821392,-0.002002954250201583,-0.026654062792658806,0.0021815390791743994,0.0,0.0,0.0,0.0,0.0,0.0,0.5999999642372131,0.9987263083457947,0.0
4.657782554626465,121.99369049072266,57.486785888671875,0.2666303515434265,-0.2634068727493286,-0.02004218101501465,0.0224105566740036,0.9998111128807068,1.0000011920928955,0.0,1.0,0.6108194589614868,-0.5937484502792358,0.003333698958158493,0.0033333301544189453,0.0,0.9999973773956299,0.9998111128807068,1.0000011920928955,0.0,0.0,0.0,0.0,0.2674330770969391,0.26435819268226624,3.728029251098633,-0.2802301049232483,-3.7691338062286377,0.3206764757633209,0.0,0.0,0.0,0.0,0.9998111128807068,1.0000011920928955,0.026663029566407204,-0.0020042338874191046,-0.02665410377085209,0.0021828205790370703,0.0,0.0,0.0,0.0,0.0,0.0,0.5999999642372131,0.9987263083457947,0.0
4.661982536315918,122.29611206054688,57.486785888671875,0.26663023233413696,-0.2635214924812317,-0.020054705440998077,0.02102002501487732,0.9998108148574829,1.0000011920928955,0.0,1.0,0.6108194589614868,-0.5937484502792358,0.003333696397021413,0.0033333301544189453,0.0,0.9999973773956299,0.9998108148574829,1.0000011920928955,0.0,0.0,0.0,0.0,0.2674340009689331,0.26435819268226624,3.7280025482177734,-0.2804033160209656,-3.7707741260528564,0.3007791042327881,0.0,0.0,0.0,0.0,0.9998108148574829,1.0000011920928955,0.026663005352020264,-0.0020054716151207685,-0.02665407955646515,0.002184059238061309,0.0,0.0,0.0,0.0,0.0,0.0,0.5999999642372131,0.9987263083457947,0.0
4.666182518005371,122.59854125976562,57.486785888671875,0.2666301131248474,-0.2675233781337738,-0.020066097378730774,0.026401422917842865,0.9998104572296143,1.0000011920928955,0.0,1.0,0.6108194589614868,-0.5937484502792358,0.003333697561174631,0.0033333301544189453,0.0,0.9999973773956299,0.9998104572296143,1.0000011920928955,0.0,0.0,0.0,0.0,0.2674348056316376,0.26882266998291016,3.727978229522705,-0.2805609703063965,-3.7019450664520264,0.36533868312835693,0.0,0.0,0.0,0.0,0.9998104572296143,1.0000011920928955,0.026662996038794518,-0.0020065971184521914,-0.026654070243239403,0.0021851856727153063,0.0,0.0,0.0,0.0,0.0,0.0,0.5999999642372131,0.9987263083457947,0.0
4.670382499694824,122.90097045898438,57.486785888671875,0.2666298449039459,-0.26372867822647095,-0.020078130066394806,0.01823723316192627,0.9998102188110352,1.0000011920928955,0.0,1.0,0.6108194589614868,-0.5937484502792358,0.0033336977940052748,0.0033333301544189453,0.0,0.9999973773956299,0.9998102188110352,1.0000011920928955,0.0,0.0,0.0,0.0,0.2674354910850525,0.26435819268226624,3.727954864501953,-0.2807275950908661,-3.7737386226654053,0.260959655046463,0.0,0.0,0.0,0.0,0.9998102188110352,1.0000011920928955,0.02666299417614937,-0.0020078120287507772,-0.026654068380594254,0.0021864022128283978,0.0,0.0,0.0,0.0,0.0,0.0,0.5999999642372131,0.9987263083457947,0.0
4.674582481384277,123.20339965820312,57.486785888671875,0.2666305899620056,-0.2677871584892273,-0.020089037716388702,0.023576095700263977,0.9998099207878113,1.0000011920928955,0.0,1.0,0.6108194589614868,-0.5937484502792358,0.003333699656650424,0.0033333301544189453,0.0,0.9999973773956299,0.9998099207878113,1.0000011920928955,0.0,0.0,0.0,0.0,0.2674371600151062,0.26882266998291016,3.727919340133667,-0.28087666630744934,-3.7055952548980713,0.32624226808547974,0.0,0.0,0.0,0.0,0.9998099207878113,1.0000011920928955,0.02666303515434265,-0.0020088793244212866,-0.026654109358787537,0.002187470905482769,0.0,0.0,0.0,0.0,0.0,0.0,0.5999999642372131,0.9987263083457947,0.0
4.6787824630737305,123.50582885742188,57.486785888671875,0.26663053035736084,-0.271909236907959,-0.020100481808185577,0.028872452676296234,0.9998095631599426,1.0000011920928955,0.0,1.0,0.6108194589614868,-0.5937484502792358,0.0033336954656988382,0.0033333301544189453,0.0,0.9999973773956299,0.9998095631599426,1.0000011920928955,0.0,0.0,0.0,0.0,0.26743805408477783,0.2734375,3.727893590927124,-0.28103482723236084,-3.636702537536621,0.3861602246761322,0.0,0.0,0.0,0.0,0.9998095631599426,1.0000011920928955,0.026663053780794144,-0.0020100416149944067,-0.02665412798523903,0.0021886348258703947,0.0,0.0,0.0,0.0,0.0,0.0,0.5999999642372131,0.9987263083457947,0.0
4.682982444763184,123.8082504272461,57.486785888671875,0.26663053035736084,-0.27205783128738403,-0.020112037658691406,0.027436941862106323,0.9998093843460083,1.0000011920928955,0.0,1.0,0.6108194589614868,-0.5937484502792358,0.003333695698529482,0.0033333301544189453,0.0,0.9999973773956299,0.9998093843460083,1.0000011920928955,0.0,0.0,0.0,0.0,0.26743897795677185,0.2734375,3.727867841720581,-0.28119444847106934,-3.6386899948120117,0.3669608533382416,0.0,0.0,0.0,0.0,0.9998093843460083,1.0000011920928955,0.02666303887963295,-0.0020112162455916405,-0.026654113084077835,0.0021898106206208467,0.0,0.0,0.0,0.0,0.0,0.0,0.5999999642372131,0.9987263083457947,0.0
4.687182426452637,124.11067962646484,57.486785888671875,0.26663094758987427,-0.2721988558769226,-0.020123489201068878,0.026000700891017914,0.9998090863227844,1.0000011920928955,0.0,1.0,0.6108194589614868,-0.5937484502792358,0.0033336952328681946,0.0033333301544189453,0.0,0.9999973773956299,0.9998090863227844,1.0000011920928955,0.0,0.0,0.0,0.0,0.2674403190612793,0.2734375,3.7278358936309814,-0.28135156631469727,-3.640576124191284,0.3477514982223511,0.0,0.0,0.0,0.0,0.9998090863227844,1.0000011920928955,0.02666306495666504,-0.0020123447757214308,-0.026654139161109924,0.0021909407805651426,0.0,0.0,0.0,0.0,0.0,0.0,0.5999999642372131,0.9987263083457947,0.0
4.69138240814209,124.4131088256836,57.486785888671875,0.2666304409503937,-0.27233225107192993,-0.02013450860977173,0.02456369251012802,0.9998087286949158,1.0000011920928955,0.0,1.0,0.6108194589614868,-0.5937484502792358,0.003333692206069827,0.0033333301544189453,0.0,0.9999973773956299,0.9998087286949158,1.0000011920928955,0.0,0.0,0.0,0.0,0.2674407362937927,0.2734375,3.7278170585632324,-0.28150495886802673,-3.6423606872558594,0.3285319209098816,0.0,0.0,0.0,0.0,0.9998087286949158,1.0000011920928955,0.026663074269890785,-0.002013458637520671,-0.02665414847433567,0.0021920555736869574,0.0,0.0,0.0,0.0,0.0,0.0,0.5999999642372131,0.9987263083457947,0.0
4.695582389831543,124.71553802490234,57.486785888671875,0.26663145422935486,-0.27245810627937317,-0.020145446062088013,0.0231260284781456,0.9998084902763367,1.000001072883606,0.0,1.0,0.6108194589614868,-0.5937484502792358,0.0033336952328681946,0.0033333301544189453,0.0,0.9999973773956299,0.9998084902763367,1.000001072883606,0.0,0.0,0.0,0.0,0.26744264364242554,0.2734375,3.727778434753418,-0.28165382146835327,-3.6440436840057373,0.3093036413192749,0.0,0.0,0.0,0.0,0.9998084902763367,1.000001072883606,0.026663128286600113,-0.0020145513117313385,-0.026654202491044998,0.0021931505762040615,0.0,0.0,0.0,0.0,0.0,0.0,0.5999999642372131,0.9987263083457947,0.0
4.699782371520996,125.01795959472656,57.486785888671875,0.2666318118572235,-0.27257639169692993,-0.020156465470790863,0.02168773114681244,0.9998082518577576,1.0000011920928955,0.0,1.0,0.6108194589614868,-0.5937484502792358,0.003333688247948885,0.0033333301544189453,0.0,0.9999973773956299,0.9998082518577576,1.0000011920928955,0.0,0.0,0.0,0.0,0.2674438953399658,0.2734375,3.727748394012451,-0.2818051874637604,-3.6456258296966553,0.29006674885749817,0.0,0.0,0.0,0.0,0.9998082518577576,1.0000011920928955,0.026663172990083694,-0.0020156551618129015,-0.02665424719452858,0.0021942562889307737,0.0,0.0,0.0,0.0,0.0,0.0,0.5999999642372131,0.9987263083457947,0.0
4.703982353210449,125.32038879394531,57.486785888671875,0.2666317820549011,-0.27268704771995544,-0.020168036222457886,0.02024880051612854,0.9998079538345337,1.0000011920928955,0.0,1.0,0.6108194589614868,-0.5937484502792358,0.0033336859196424484,0.0033333301544189453,0.0,0.9999973773956299,0.9998079538345337,1.0000011920928955,0.0,0.0,0.0,0.0,0.26744481921195984,0.2734375,3.727722406387329,-0.28196510672569275,-3.6471056938171387,0.27082154154777527,0.0,0.0,0.0,0.0,0.9998079538345337,1.0000011920928955,0.026663154363632202,-0.002016785554587841,-0.026654228568077087,0.002195387613028288,0.0,0.0,0.0,0.0,0.0,0.0,0.5999999642372131,0.9987263083457947,0.0
4.708182334899902,125.62281799316406,57.486785888671875,0.2666320204734802,-0.2596748173236847,-0.02017863094806671,0.027302272617816925,0.9998076558113098,1.0000011920928955,0.0,1.0,0.6108194589614868,-0.5937484502792358,0.00333368475548923,0.0033333301544189453,0.0,0.9999973773956299,0.9998076558113098,1.0000011920928955,0.0,0.0,0.0,0.0,0.26744595170021057,0.26110586524009705,3.727694272994995,-0.2821107804775238,-3.8088738918304443,0.40046584606170654,0.0,0.0,0.0,0.0,0.9998076558113098,1.0000011920928955,0.026663189753890038,-0.0020178777631372213,-0.026654263958334923,0.00219648121856153,0.0,0.0,0.0,0.0,0.0,0.0,0.5999999642372131,0.9987263083457947,0.0
4.7123823165893555,125.92524719238281,57.486785888671875,0.26663243770599365,-0.2598152756690979,-0.020188942551612854,0.025931380689144135,0.9998074173927307,1.000001072883606,0.0,1.0,0.6108194589614868,-0.5937484502792358,0.0033336819615215063,0.0033333301544189453,0.0,0.9999973773956299,0.9998074173927307,1.000001072883606,0.0,0.0,0.0,0.0,0.26744717359542847,0.26110586524009705,3.7276651859283447,-0.28225231170654297,-3.81093430519104,0.3803578019142151,0.0,0.0,0.0,0.0,0.9998074173927307,1.000001072883606,0.026663249358534813,-0.002018918516114354,-0.026654323562979698,0.002197524067014456,0.0,0.0,0.0,0.0,0.0,0.0,0.5999999642372131,0.9987263083457947,0.0
4.716582298278809,126.22766876220703,57.486785888671875,0.2666325569152832,-0.2729734480381012,-0.02019926905632019,0.015928834676742554,0.9998071193695068,1.000001072883606,0.0,1.0,0.6108194589614868,-0.5937484502792358,0.003333678701892495,0.0033333301544189453,0.0,0.9999973773956299,0.9998071193695068,1.000001072883606,0.0,0.0,0.0,0.0,0.26744815707206726,0.2734375,3.727639675140381,-0.2823946177959442,-3.6509363651275635,0.21304325759410858,0.0,0.0,0.0,0.0,0.9998071193695068,1.000001072883606,0.026663262397050858,-0.0020199145656079054,-0.026654336601495743,0.002198521513491869,0.0,0.0,0.0,0.0,0.0,0.0,0.5999999642372131,0.9987263083457947,0.0
4.720782279968262,126.53009796142578,57.486785888671875,0.2666330933570862,-0.27305373549461365,-0.020209796726703644,0.01448790729045868,0.9998069405555725,1.0000011920928955,0.0,1.0,0.6108194589614868,-0.5937484502792358,0.0033336773049086332,0.0033333301544189453,0.0,0.9999973773956299,0.9998069405555725,1.0000011920928955,0.0,0.0,0.0,0.0,0.2674495577812195,0.2734375,3.7276084423065186,-0.2825388014316559,-3.652010202407837,0.1937713623046875,0.0,0.0,0.0,0.0,0.9998069405555725,1.0000011920928955,0.026663338765501976,-0.0020209993235766888,-0.026654411107301712,0.0021996083669364452,0.0,0.0,0.0,0.0,0.0,0.0,0.5999999642372131,0.9987263083457947,0.0
4.724982261657715,126.83252716064453,57.486785888671875,0.2666342854499817,-0.27312636375427246,-0.020219214260578156,0.013046562671661377,0.9998066425323486,1.000001072883606,0.0,1.0,0.6108194589614868,-0.5937484502792358,0.003333672881126404,0.0033333301544189453,0.0,0.9999973773956299,0.9998066425323486,1.000001072883606,0.0,0.0,0.0,0.0,0.26745152473449707,0.2734375,3.7275702953338623,-0.2826663553714752,-3.652981758117676,0.17449384927749634,0.0,0.0,0.0,0.0,0.9998066425323486,1.000001072883606,0.026663413271307945,-0.0020219525322318077,-0.02665448561310768,0.002200563671067357,0.0,0.0,0.0,0.0,0.0,0.0,0.5999999642372131,0.9987263083457947,0.0
4.729182243347168,127.13495635986328,57.486785888671875,0.26663386821746826,-0.2603048086166382,-0.020230233669281006,0.020440921187400818,0.9998064041137695,1.0000011920928955,0.0,1.0,0.6108194589614868,-0.5937484502792358,0.0033336644992232323,0.0033333301544189453,0.0,0.9999973773956299,0.9998064041137695,1.0000011920928955,0.0,0.0,0.0,0.0,0.2674520015716553,0.26110586524009705,3.727550983428955,-0.28281939029693604,-3.818114757537842,0.2998245358467102,0.0,0.0,0.0,0.0,0.9998064041137695,1.0000011920928955,0.026663411408662796,-0.002023017965257168,-0.026654481887817383,0.0022016302682459354,0.0,0.0,0.0,0.0,0.0,0.0,0.5999999642372131,0.9987263083457947,0.0
4.733382225036621,127.43738555908203,57.486785888671875,0.2666347622871399,-0.26040908694267273,-0.020240359008312225,0.01906678080558777,0.9998061656951904,1.0000011920928955,0.0,1.0,0.6108194589614868,-0.5937484502792358,0.003333665430545807,0.0033333301544189453,0.0,0.9999973773956299,0.9998061656951904,1.0000011920928955,0.0,0.0,0.0,0.0,0.26745373010635376,0.26110586524009705,3.72751522064209,-0.2829573452472687,-3.819643974304199,0.2796689569950104,0.0,0.0,0.0,0.0,0.9998061656951904,1.0000011920928955,0.026663457974791527,-0.0020240440499037504,-0.026654532179236412,0.0022026579827070236,0.0,0.0,0.0,0.0,0.0,0.0,0.5999999642372131,0.9987263083457947,0.0
4.737582206726074,127.73980712890625,57.486785888671875,0.2666354775428772,-0.277784526348114,-0.02025003731250763,0.015116840600967407,0.9998058676719666,1.0000011920928955,0.0,1.0,0.6108194589614868,-0.5937484502792358,0.00333365797996521,0.0033333301544189453,0.0,0.9999973773956299,0.9998058676719666,1.0000011920928955,0.0,0.0,0.0,0.0,0.2674552798271179,0.27819520235061646,3.727482795715332,-0.28308942914009094,-3.5892913341522217,0.19532674551010132,0.0,0.0,0.0,0.0,0.9998058676719666,1.0000011920928955,0.02666352689266205,-0.0020250079687684774,-0.026654601097106934,0.0022036239970475435,0.0,0.0,0.0,0.0,0.0,0.0,0.5999999642372131,0.9987263083457947,0.0
4.741782188415527,128.042236328125,57.486785888671875,0.26663631200790405,-0.26511532068252563,-0.020259737968444824,0.022689521312713623,0.9998056292533875,1.0000011920928955,0.0,1.0,0.6108194589614868,-0.5937484502792358,0.003333652624860406,0.0033333301544189453,0.0,0.9999973773956299,0.9998056292533875,1.0000011920928955,0.0,0.0,0.0,0.0,0.26745688915252686,0.2660841643810272,3.7274489402770996,-0.28322136402130127,-3.744525194168091,0.32047006487846375,0.0,0.0,0.0,0.0,0.9998056292533875,1.0000011920928955,0.026663614436984062,-0.0020259739831089973,-0.026654688641428947,0.0022045921068638563,0.0,0.0,0.0,0.0,0.0,0.0,0.5999999642372131,0.9987263083457947,0.0
4.7459821701049805,128.34466552734375,57.486785888671875,0.2666362226009369,-0.2652313709259033,-0.020269595086574554,0.021289967000484467,0.9998053908348083,1.000001072883606,0.0,1.0,0.6108194589614868,-0.5937484502792358,0.003333645174279809,0.0033333301544189453,0.0,0.9999973773956299,0.9998053908348083,1.000001072883606,0.0,0.0,0.0,0.0,0.26745760440826416,0.2660841643810272,3.7274279594421387,-0.28335779905319214,-3.746164321899414,0.30070242285728455,0.0,0.0,0.0,0.0,0.9998053908348083,1.000001072883606,0.026663631200790405,-0.00202691531740129,-0.02665470540523529,0.002205534605309367,0.0,0.0,0.0,0.0,0.0,0.0,0.5999999642372131,0.9987263083457947,0.0
4.750182151794434,128.6470947265625,57.486785888671875,0.26663631200790405,-0.26534003019332886,-0.02027885615825653,0.019889801740646362,0.9998051524162292,1.000001072883606,0.0,1.0,0.6108194589614868,-0.5937484502792358,0.0033336435444653034,0.0033333301544189453,0.0,0.9999973773956299,0.9998051524162292,1.000001072883606,0.0,0.0,0.0,0.0,0.2674584686756134,0.2660841643810272,3.727405071258545,-0.2834855020046234,-3.74769926071167,0.28092625737190247,0.0,0.0,0.0,0.0,0.9998051524162292,1.000001072883606,0.0266636461019516,-0.0020278978627175093,-0.026654718443751335,0.002206518780440092,0.0,0.0,0.0,0.0,0.0,0.0,0.5999999642372131,0.9987263083457947,0.0
4.754382133483887,128.94952392578125,57.486785888671875,0.26663705706596375,-0.26544132828712463,-0.020289018750190735,0.01848910003900528,0.9998049139976501,1.000001072883606,0.0,1.0,0.6108194589614868,-0.5937484502792358,0.003333640517666936,0.0033333301544189453,0.0,0.9999973773956299,0.9998049139976501,1.000001072883606,0.0,0.0,0.0,0.0,0.26746004819869995,0.2660841643810272,3.7273716926574707,-0.2836241126060486,-3.7491297721862793,0.2611426115036011,0.0,0.0,0.0,0.0,0.9998049139976501,1.000001072883606,0.026663711294531822,-0.0020289055537432432,-0.026654785498976707,0.0022075283341109753,0.0,0.0,0.0,0.0,0.0,0.0,0.5999999642372131,0.9987263083457947,0.0
4.75858211517334,129.251953125,57.486785888671875,0.26663732528686523,-0.2655352056026459,-0.020298533141613007,0.01708788424730301,0.999804675579071,1.000001072883606,0.0,1.0,0.6108194589614868,-0.5937484502792358,0.0033336349297314882,0.0033333301544189453,0.0,0.9999973773956299,0.999804675579071,1.000001072883606,0.0,0.0,0.0,0.0,0.2674611210823059,0.2660841643810272,3.7273457050323486,-0.2837548851966858,-3.750455856323242,0.24135160446166992,0.0,0.0,0.0,0.0,0.999804675579071,1.000001072883606,0.026663755998015404,-0.0020298499148339033,-0.02665482833981514,0.0022084740921854973,0.0,0.0,0.0,0.0,0.0,0.0,0.5999999642372131,0.9987263083457947,0.0
4.762782096862793,129.5543670654297,57.486785888671875,0.26663845777511597,-0.26562169194221497,-0.02030770480632782,0.015686199069023132,0.9998044371604919,1.000001072883606,0.0,1.0,0.6108194589614868,-0.5937484502792358,0.0033336319029331207,0.0033333301544189453,0.0,0.9999973773956299,0.9998044371604919,1.000001072883606,0.0,0.0,0.0,0.0,0.26746299862861633,0.2660841643810272,3.727308988571167,-0.2838790714740753,-3.7516772747039795,0.22155405580997467,0.0,0.0,0.0,0.0,0.9998044371604919,1.000001072883606,0.026663849130272865,-0.0020307505037635565,-0.026654919609427452,0.002209377009421587,0.0,0.0,0.0,0.0,0.0,0.0,0.5999999642372131,0.9987263083457947,0.0
4.766982078552246,129.85678100585938,57.486785888671875,0.2666380703449249,-0.2657008171081543,-0.020316533744335175,0.014284081757068634,0.9998042583465576,1.0000011920928955,0.0,1.0,0.6108194589614868,-0.5937484502792358,0.003333623055368662,0.0033333301544189453,0.0,0.9999973773956299,0.9998042583465576,1.0000011920928955,0.0,0.0,0.0,0.0,0.2674633264541626,0.2660841643810272,3.727294445037842,-0.2840019166469574,-3.7527947425842285,0.20175041258335114,0.0,0.0,0.0,0.0,0.9998042583465576,1.0000011920928955,0.026663808152079582,-0.0020316492300480604,-0.02665487863123417,0.0022102762013673782,0.0,0.0,0.0,0.0,0.0,0.0,0.5999999642372131,0.9987263083457947,0.0
4.771182060241699,130.15921020507812,57.486785888671875,0.2666383981704712,-0.2657724618911743,-0.020325690507888794,0.012881539762020111,0.9998039603233337,1.000001072883606,0.0,1.0,0.6108194589614868,-0.5937484502792358,0.0033336239866912365,0.0033333301544189453,0.0,0.9999973773956299,0.9998039603233337,1.000001072883606,0.0,0.0,0.0,0.0,0.26746442914009094,0.2660841643810272,3.7272684574127197,-0.2841276228427887,-3.7538070678710938,0.1819407194852829,0.0,0.0,0.0,0.0,0.9998039603233337,1.000001072883606,0.02666383795440197,-0.0020325547084212303,-0.026654908433556557,0.00221118307672441,0.0,0.0,0.0,0.0,0.0,0.0,0.5999999642372131,0.9987263083457947,0.0
4.775382041931152,130.46163940429688,57.486785888671875,0.26663923263549805,-0.26583677530288696,-0.020334891974925995,0.011478669941425323,0.9998038411140442,1.0000011920928955,0.0,1.0,0.6108194589614868,-0.5937484502792358,0.003333619562909007,0.0033333301544189453,0.0,0.9999973773956299,0.9998038411140442,1.0000011920928955,0.0,0.0,0.0,0.0,0.2674659788608551,0.2660841643810272,3.72723650932312,-0.2842528820037842,-3.7547152042388916,0.162126362323761,0.0,0.0,0.0,0.0,0.9998038411140442,1.0000011920928955,0.026663942262530327,-0.0020334769506007433,-0.026655012741684914,0.0022121076472103596,0.0,0.0,0.0,0.0,0.0,0.0,0.5999999642372131,0.9987263083457947,0.0
4.7795820236206055,130.76406860351562,57.486785888671875,0.2666405439376831,-0.27552759647369385,-0.02034345269203186,0.022376999258995056,0.9998036026954651,1.0000011920928955,0.0,1.0,0.6108194589614868,-0.5937484502792358,0.003333613509312272,0.0033333301544189453,0.0,0.9999973773956299,0.9998036026954651,1.0000011920928955,0.0,0.0,0.0,0.0,0.26746800541877747,0.2764344811439514,3.7271981239318848,-0.2843681871891022,-3.6056265830993652,0.2928312122821808,0.0,0.0,0.0,0.0,0.9998036026954651,1.0000011920928955,0.02666403166949749,-0.0020343554206192493,-0.026655102148652077,0.002212988445535302,0.0,0.0,0.0,0.0,0.0,0.0,0.5999999642372131,0.9987263083457947,0.0
4.783782005310059,131.06649780273438,57.486785888671875,0.2666405439376831,-0.263391375541687,-0.020352914929389954,0.030621245503425598,0.9998034238815308,1.0000011920928955,0.0,1.0,0.6108194589614868,-0.5937484502792358,0.0033336039632558823,0.0033333301544189453,0.0,0.9999973773956299,0.9998034238815308,1.0000011920928955,0.0,0.0,0.0,0.0,0.26746878027915955,0.2651650309562683,3.7271766662597656,-0.2844986319541931,-3.7460105419158936,0.4355020523071289,0.0,0.0,0.0,0.0,0.9998034238815308,1.0000011920928955,0.026664067059755325,-0.00203527370467782,-0.026655137538909912,0.002213908126577735,0.0,0.0,0.0,0.0,0.0,0.0,0.5999999642372131,0.9987263083457947,0.0
4.787981986999512,131.36891174316406,57.486785888671875,0.2666412591934204,-0.27574846148490906,-0.020361319184303284,0.019467398524284363,0.9998031258583069,1.0000011920928955,0.0,1.0,0.6108194589614868,-0.5937484502792358,0.0033336018677800894,0.0033333301544189453,0.0,0.9999973773956299,0.9998031258583069,1.0000011920928955,0.0,0.0,0.0,0.0,0.26747024059295654,0.2764344811439514,3.727146625518799,-0.2846132814884186,-3.6085166931152344,0.2547554075717926,0.0,0.0,0.0,0.0,0.9998031258583069,1.0000011920928955,0.026664121076464653,-0.002036128658801317,-0.02665519155561924,0.0022147647105157375,0.0,0.0,0.0,0.0,0.0,0.0,0.5999999642372131,0.9987263083457947,0.0
4.792181968688965,131.6713409423828,57.486785888671875,0.26664215326309204,-0.26369988918304443,-0.02036955952644348,0.027839288115501404,0.9998028874397278,1.0000011920928955,0.0,1.0,0.6108194589614868,-0.5937484502792358,0.003333594650030136,0.0033333301544189453,0.0,0.9999973773956299,0.9998028874397278,1.0000011920928955,0.0,0.0,0.0,0.0,0.2674717903137207,0.2651650309562683,3.7271153926849365,-0.2847249507904053,-3.750398635864258,0.39593663811683655,0.0,0.0,0.0,0.0,0.9998028874397278,1.0000011920928955,0.026664230972528458,-0.0020369633566588163,-0.026655301451683044,0.002215601736679673,0.0,0.0,0.0,0.0,0.0,0.0,0.5999999642372131,0.9987263083457947,0.0
4.796381950378418,131.97377014160156,57.486785888671875,0.26664331555366516,-0.2638431191444397,-0.020377784967422485,0.026447132229804993,0.9998026490211487,1.000001072883606,0.0,1.0,0.6108194589614868,-0.5937484502792358,0.0033335869666188955,0.0033333301544189453,0.0,0.9999973773956299,0.9998026490211487,1.000001072883606,0.0,0.0,0.0,0.0,0.26747363805770874,0.2651650309562683,3.7270801067352295,-0.28483614325523376,-3.7524356842041016,0.3761371076107025,0.0,0.0,0.0,0.0,0.9998026490211487,1.000001072883606,0.026664305478334427,-0.0020378006156533957,-0.026655375957489014,0.0022164410911500454,0.0,0.0,0.0,0.0,0.0,0.0,0.5999999642372131,0.9987263083457947,0.0
4.800581932067871,132.2761993408203,57.486785888671875,0.2666441798210144,-0.26397907733917236,-0.020386867225170135,0.025054261088371277,0.9998024702072144,1.0000011920928955,0.0,1.0,0.6108194589614868,-0.5937484502792358,0.0033335776533931494,0.0033333301544189453,0.0,0.9999973773956299,0.9998024702072144,1.0000011920928955,0.0,0.0,0.0,0.0,0.2674752473831177,0.2651650309562683,3.7270474433898926,-0.28495967388153076,-3.754369020462036,0.35632720589637756,0.0,0.0,0.0,0.0,0.9998024702072144,1.0000011920928955,0.026664424687623978,-0.0020386558026075363,-0.026655495166778564,0.0022172988392412663,0.0,0.0,0.0,0.0,0.0,0.0,0.5999999642372131,0.9987263083457947,0.0
4.804781913757324,132.57862854003906,57.486785888671875,0.2666444480419159,-0.2641075849533081,-0.02039492130279541,0.02366064488887787,0.99980229139328,1.000001072883606,0.0,1.0,0.6108194589614868,-0.5937484502792358,0.0033335695043206215,0.0033333301544189453,0.0,0.9999973773956299,0.99980229139328,1.000001072883606,0.0,0.0,0.0,0.0,0.2674761712551117,0.2651650309562683,3.7270255088806152,-0.28507035970687866,-3.756197214126587,0.33650699257850647,0.0,0.0,0.0,0.0,0.99980229139328,1.000001072883606,0.02666443958878517,-0.0020394797902554274,-0.02665551006793976,0.0022181235253810883,0.0,0.0,0.0,0.0,0.0,0.0,0.5999999642372131,0.9987263083457947,0.0
4.808981895446777,132.8810577392578,57.486785888671875,0.26664525270462036,-0.26422882080078125,-0.020403511822223663,0.02226642519235611,0.9998021125793457,1.0000011920928955,0.0,1.0,0.6108194589614868,-0.5937484502792358,0.0033335646148771048,0.0033333301544189453,0.0,0.9999973773956299,0.9998021125793457,1.0000011920928955,0.0,0.0,0.0,0.0,0.26747769117355347,0.2651650309562683,3.726994276046753,-0.2851870357990265,-3.757920980453491,0.3166780471801758,0.0,0.0,0.0,0.0,0.9998021125793457,1.0000011920928955,0.026664555072784424,-0.002040338469669223,-0.02665562741458416,0.0022189849987626076,0.0,0.0,0.0,0.0,0.0,0.0,0.5999999642372131,0.9987263083457947,0.0
4.8131818771362305,133.18348693847656,57.486785888671875,0.2666468918323517,-0.26434266567230225,-0.02041211724281311,0.020871564745903015,0.9998018741607666,1.000001072883606,0.0,1.0,0.6108194589614868,-0.5937484502792358,0.003333556465804577,0.0033333301544189453,0.0,0.9999973773956299,0.9998018741607666,1.000001072883606,0.0,0.0,0.0,0.0,0.2674800157546997,0.2651650309562683,3.726952075958252,-0.2853023111820221,-3.759539842605591,0.29684004187583923,0.0,0.0,0.0,0.0,0.9998018741607666,1.000001072883606,0.02666470780968666,-0.002041212748736143,-0.026655778288841248,0.0022198620717972517,0.0,0.0,0.0,0.0,0.0,0.0,0.5999999642372131,0.9987263083457947,0.0
4.817381858825684,133.4858856201172,57.486785888671875,0.26664596796035767,-0.2644491195678711,-0.020419873297214508,0.01947610080242157,0.9998016357421875,1.0000011920928955,0.0,1.0,0.6108194589614868,-0.5937484502792358,0.003333543660119176,0.0033333301544189453,0.0,0.9999973773956299,0.9998016357421875,1.0000011920928955,0.0,0.0,0.0,0.0,0.2674797773361206,0.2651650309562683,3.7269463539123535,-0.2854113280773163,-3.761054277420044,0.27699342370033264,0.0,0.0,0.0,0.0,0.9998016357421875,1.0000011920928955,0.026664605364203453,-0.002041985746473074,-0.02665567770600319,0.002220634836703539,0.0,0.0,0.0,0.0,0.0,0.0,0.5999999642372131,0.9987263083457947,0.0
4.821581840515137,133.78831481933594,57.486785888671875,0.2666456699371338,-0.26454824209213257,-0.02042827010154724,0.018080107867717743,0.9998014569282532,1.0000011920928955,0.0,1.0,0.6108194589614868,-0.5937484502792358,0.0033335466869175434,0.0033333301544189453,0.0,0.9999973773956299,0.9998014569282532,1.0000011920928955,0.0,0.0,0.0,0.0,0.26748013496398926,0.2651650309562683,3.726931571960449,-0.2855278253555298,-3.7624638080596924,0.2571392059326172,0.0,0.0,0.0,0.0,0.9998014569282532,1.0000011920928955,0.02666456438601017,-0.0020428120624274015,-0.026655634865164757,0.0022214611526578665,0.0,0.0,0.0,0.0,0.0,0.0,0.5999999642372131,0.9987263083457947,0.0
4.82578182220459,134.09071350097656,57.486785888671875,0.2666453421115875,-0.2646399736404419,-0.020435906946659088,0.01668362319469452,0.9998012781143188,1.0000011920928955,0.0,1.0,0.6108194589614868,-0.5937484502792358,0.0033335452899336815,0.0033333301544189453,0.0,0.9999973773956299,0.9998012781143188,1.0000011920928955,0.0,0.0,0.0,0.0,0.2674804627895355,0.2651650309562683,3.7269182205200195,-0.28563392162323,-3.7637686729431152,0.23727814853191376,0.0,0.0,0.0,0.0,0.9998012781143188,1.0000011920928955,0.02666456438601017,-0.002043583896011114,-0.026655634865164757,0.0022222341503947973,0.0,0.0,0.0,0.0,0.0,0.0,0.5999999642372131,0.9987263083457947,0.0
4.829981803894043,134.39312744140625,57.486785888671875,0.26664480566978455,-0.26472434401512146,-0.020443357527256012,0.015286631882190704,0.9998010396957397,1.000001072883606,0.0,1.0,0.6108194589614868,-0.5937484502792358,0.0033335466869175434,0.0033333301544189453,0.0,0.9999973773956299,0.9998010396957397,1.000001072883606,0.0,0.0,0.0,0.0,0.2674805521965027,0.2651650309562683,3.7269084453582764,-0.28573793172836304,-3.7649683952331543,0.2174099236726761,0.0,0.0,0.0,0.0,0.9998010396957397,1.000001072883606,0.02666446566581726,-0.002044327324256301,-0.026655538007616997,0.0022229773458093405,0.0,0.0,0.0,0.0,0.0,0.0,0.5999999642372131,0.9987263083457947,0.0
4.834181785583496,134.695556640625,57.486785888671875,0.2666447162628174,-0.2648013234138489,-0.020450696349143982,0.013889238238334656,0.9998009204864502,1.0000011920928955,0.0,1.0,0.6108194589614868,-0.5937484502792358,0.0033335494808852673,0.0033333301544189453,0.0,0.9999973773956299,0.9998009204864502,1.0000011920928955,0.0,0.0,0.0,0.0,0.26748108863830566,0.2651650309562683,3.7268924713134766,-0.285839319229126,-3.7660634517669678,0.19753599166870117,0.0,0.0,0.0,0.0,0.9998009204864502,1.0000011920928955,0.026664454489946365,-0.0020450763404369354,-0.026655524969100952,0.002223727060481906,0.0,0.0,0.0,0.0,0.0,0.0,0.5999999642372131,0.9987263083457947,0.0
4.838381767272949,134.99795532226562,57.486785888671875,0.26664474606513977,-0.2648709714412689,-0.020457573235034943,0.012491494417190552,0.9998006820678711,1.0000011920928955,0.0,1.0,0.6108194589614868,-0.5937484502792358,0.003333550412207842,0.0033333301544189453,0.0,0.9999973773956299,0.9998006820678711,1.0000011920928955,0.0,0.0,0.0,0.0,0.2674816846847534,0.2651650309562683,3.7268757820129395,-0.285934180021286,-3.7670536041259766,0.17765681445598602,0.0,0.0,0.0,0.0,0.9998006820678711,1.0000011920928955,0.02666446939110756,-0.0020457739010453224,-0.026655539870262146,0.0022244255524128675,0.0,0.0,0.0,0.0,0.0,0.0,0.5999999642372131,0.9987263083457947,0.0
4.842581748962402,135.30038452148438,57.486785888671875,0.26664406061172485,-0.27550986409187317,-0.020464524626731873,0.022594451904296875,0.9998005032539368,1.0000011920928955,0.0,1.0,0.6108194589614868,-0.5937484502792358,0.003333550877869129,0.0033333301544189453,0.0,0.9999973773956299,0.9998005032539368,1.0000011920928955,0.0,0.0,0.0,0.0,0.26748156547546387,0.2764344811439514,3.7268693447113037,-0.286031574010849,-3.6053943634033203,0.29567694664001465,0.0,0.0,0.0,0.0,0.9998005032539368,1.0000011920928955,0.02666439674794674,-0.0020464861299842596,-0.026655469089746475,0.002225137548521161,0.0,0.0,0.0,0.0,0.0,0.0,0.5999999642372131,0.9987263083457947,0.0
4.8467817306518555,135.602783203125,57.486785888671875,0.2666439414024353,-0.26418012380599976,-0.020472340285778046,0.0317772701382637,0.9998003244400024,1.0000011920928955,0.0,1.0,0.6108194589614868,-0.5937484502792358,0.003333555767312646,0.0033333301544189453,0.0,0.9999973773956299,0.9998003244400024,1.0000011920928955,0.0,0.0,0.0,0.0,0.26748210191726685,0.2660841643810272,3.726853132247925,-0.2861396074295044,-3.7313168048858643,0.4488265812397003,0.0,0.0,0.0,0.0,0.9998003244400024,1.0000011920928955,0.026664381846785545,-0.002047258894890547,-0.02665545418858528,0.0022259107790887356,0.0,0.0,0.0,0.0,0.0,0.0,0.5999999642372131,0.9987263083457947,0.0
4.850981712341309,135.9051971435547,57.486785888671875,0.2666432559490204,-0.27573299407958984,-0.02047976851463318,0.0196850448846817,0.9998001456260681,1.0000011920928955,0.0,1.0,0.6108194589614868,-0.5937484502792358,0.003333556465804577,0.0033333301544189453,0.0,0.9999973773956299,0.9998001456260681,1.0000011920928955,0.0,0.0,0.0,0.0,0.26748204231262207,0.2764344811439514,3.7268452644348145,-0.28624358773231506,-3.608314275741577,0.2576037645339966,0.0,0.0,0.0,0.0,0.9998001456260681,1.0000011920928955,0.02666434645652771,-0.002047991845756769,-0.026655418798327446,0.0022266439627856016,0.0,0.0,0.0,0.0,0.0,0.0,0.5999999642372131,0.9987263083457947,0.0
4.855181694030762,136.20761108398438,57.486785888671875,0.26664286851882935,-0.2758330702781677,-0.02048778533935547,0.018229499459266663,0.9998000264167786,1.0000011920928955,0.0,1.0,0.6108194589614868,-0.5937484502792358,0.0033335622865706682,0.0033333301544189453,0.0,0.9999973773956299,0.9998000264167786,1.0000011920928955,0.0,0.0,0.0,0.0,0.26748228073120117,0.2764344811439514,3.726832628250122,-0.28635504841804504,-3.609623908996582,0.2385559380054474,0.0,0.0,0.0,0.0,0.9998000264167786,1.0000011920928955,0.02666432224214077,-0.002048776252195239,-0.026655394583940506,0.0022274290677160025,0.0,0.0,0.0,0.0,0.0,0.0,0.5999999642372131,0.9987263083457947,0.0
4.859381675720215,136.51004028320312,57.486785888671875,0.2666438817977905,-0.2646501660346985,-0.020494885742664337,0.02759050577878952,0.9997997879981995,1.000001072883606,0.0,1.0,0.6108194589614868,-0.5937484502792358,0.0033335655461996794,0.0033333301544189453,0.0,0.9999973773956299,0.9997997879981995,1.000001072883606,0.0,0.0,0.0,0.0,0.2674839198589325,0.2660841643810272,3.7268013954162598,-0.28645089268684387,-3.737955331802368,0.38969215750694275,0.0,0.0,0.0,0.0,0.9997997879981995,1.000001072883606,0.02666439674794674,-0.0020494747441262007,-0.026655465364456177,0.0022281294222921133,0.0,0.0,0.0,0.0,0.0,0.0,0.5999999642372131,0.9987263083457947,0.0
4.863581657409668,136.81246948242188,57.486785888671875,0.26664572954177856,-0.2647920846939087,-0.020501799881458282,0.026193372905254364,0.9997996687889099,1.0000011920928955,0.0,1.0,0.6108194589614868,-0.5937484502792358,0.0033335606567561626,0.0033333301544189453,0.0,0.9999973773956299,0.9997996687889099,1.0000011920928955,0.0,0.0,0.0,0.0,0.2674863040447235,0.2660841643810272,3.7267603874206543,-0.2865423560142517,-3.739959955215454,0.369958758354187,0.0,0.0,0.0,0.0,0.9997996687889099,1.0000011920928955,0.026664573699235916,-0.002050161361694336,-0.026655644178390503,0.0022288192994892597,0.0,0.0,0.0,0.0,0.0,0.0,0.5999999642372131,0.9987263083457947,0.0
4.867781639099121,137.11489868164062,57.486785888671875,0.26664644479751587,-0.26492664217948914,-0.020508676767349243,0.024795450270175934,0.9997994303703308,1.0000011920928955,0.0,1.0,0.6108194589614868,-0.5937484502792358,0.0033335499465465546,0.0033333301544189453,0.0,0.9999973773956299,0.9997994303703308,1.0000011920928955,0.0,0.0,0.0,0.0,0.26748761534690857,0.2660841643810272,3.7267343997955322,-0.2866356074810028,-3.7418606281280518,0.350214421749115,0.0,0.0,0.0,0.0,0.9997994303703308,1.0000011920928955,0.026664642617106438,-0.002050840063020587,-0.026655713096261024,0.0022294993977993727,0.0,0.0,0.0,0.0,0.0,0.0,0.5999999642372131,0.9987263083457947,0.0
4.871981620788574,137.4173126220703,57.486785888671875,0.26664674282073975,-0.26505380868911743,-0.02051558345556259,0.023396886885166168,0.9997992515563965,1.000001072883606,0.0,1.0,0.6108194589614868,-0.5937484502792358,0.0033335445914417505,0.0033333301544189453,0.0,0.9999973773956299,0.9997992515563965,1.000001072883606,0.0,0.0,0.0,0.0,0.2674885094165802,0.2660841643810272,3.7267138957977295,-0.28673022985458374,-3.743656635284424,0.33046090602874756,0.0,0.0,0.0,0.0,0.9997992515563965,1.000001072883606,0.02666470780968666,-0.0020515562500804663,-0.0266557764261961,0.0022302172146737576,0.0,0.0,0.0,0.0,0.0,0.0,0.5999999642372131,0.9987263083457947,0.0
4.876181602478027,137.7197265625,57.486785888671875,0.26664596796035767,-0.26517361402511597,-0.02052256464958191,0.02199763059616089,0.9997990727424622,1.0000011920928955,0.0,1.0,0.6108194589614868,-0.5937484502792358,0.003333539701998234,0.0033333301544189453,0.0,0.9999973773956299,0.9997990727424622,1.0000011920928955,0.0,0.0,0.0,0.0,0.2674883008003235,0.2660841643810272,3.7267086505889893,-0.28682830929756165,-3.7453486919403076,0.310697466135025,0.0,0.0,0.0,0.0,0.9997990727424622,1.0000011920928955,0.026664597913622856,-0.0020522538106888533,-0.026655668392777443,0.0022309140767902136,0.0,0.0,0.0,0.0,0.0,0.0,0.5999999642372131,0.9987263083457947,0.0
4.8803815841674805,138.0221405029297,57.486785888671875,0.2666464149951935,-0.26528602838516235,-0.02052934467792511,0.020597785711288452,0.9997988939285278,1.000001072883606,0.0,1.0,0.6108194589614868,-0.5937484502792358,0.003333542263135314,0.0033333301544189453,0.0,0.9999973773956299,0.9997988939285278,1.000001072883606,0.0,0.0,0.0,0.0,0.26748934388160706,0.2660841643810272,3.7266862392425537,-0.2869209349155426,-3.746936321258545,0.2909259498119354,0.0,0.0,0.0,0.0,0.9997988939285278,1.000001072883606,0.026664603501558304,-0.0020529464818537235,-0.02665567398071289,0.0022316076792776585,0.0,0.0,0.0,0.0,0.0,0.0,0.5999999642372131,0.9987263083457947,0.0
4.884581565856934,138.3245391845703,57.486785888671875,0.26664629578590393,-0.2765597105026245,-0.020536094903945923,0.0301244854927063,0.9997987747192383,1.0000011920928955,0.0,1.0,0.6108194589614868,-0.5937484502792358,0.0033335378393530846,0.0033333301544189453,0.0,0.9999973773956299,0.9997987747192383,1.0000011920928955,0.0,0.0,0.0,0.0,0.2674897611141205,0.27819520235061646,3.726672410964966,-0.28701430559158325,-3.573465347290039,0.3892425000667572,0.0,0.0,0.0,0.0,0.9997987747192383,1.0000011920928955,0.026664629578590393,-0.002053586533293128,-0.02665570192039013,0.0022322486620396376,0.0,0.0,0.0,0.0,0.0,0.0,0.5999999642372131,0.9987263083457947,0.0
4.888781547546387,138.62696838378906,57.486785888671875,0.26664555072784424,-0.2654886543750763,-0.020542219281196594,0.01779639720916748,0.9997985363006592,1.000001072883606,0.0,1.0,0.6108194589614868,-0.5937484502792358,0.003333538305014372,0.0033333301544189453,0.0,0.9999973773956299,0.9997985363006592,1.000001072883606,0.0,0.0,0.0,0.0,0.26748955249786377,0.2660841643810272,3.726668119430542,-0.28710049390792847,-3.74979829788208,0.2513587176799774,0.0,0.0,0.0,0.0,0.9997985363006592,1.000001072883606,0.02666453830897808,-0.002054259879514575,-0.026655608788132668,0.002232921775430441,0.0,0.0,0.0,0.0,0.0,0.0,0.5999999642372131,0.9987263083457947,0.0
4.89298152923584,138.92938232421875,57.486785888671875,0.2666455805301666,-0.26557889580726624,-0.020549781620502472,0.016394950449466705,0.9997984170913696,1.0000011920928955,0.0,1.0,0.6108194589614868,-0.5937484502792358,0.003333542263135314,0.0033333301544189453,0.0,0.9999973773956299,0.9997984170913696,1.0000011920928955,0.0,0.0,0.0,0.0,0.2674902081489563,0.2660841643810272,3.7266504764556885,-0.2872045636177063,-3.751072883605957,0.2315644472837448,0.0,0.0,0.0,0.0,0.9997984170913696,1.0000011920928955,0.02666459046304226,-0.0020549704786390066,-0.026655659079551697,0.0022336337715387344,0.0,0.0,0.0,0.0,0.0,0.0,0.5999999642372131,0.9987263083457947,0.0
4.897181510925293,139.23178100585938,57.486785888671875,0.2666456401348114,-0.26566171646118164,-0.020556069910526276,0.014993026852607727,0.9997982382774353,1.0000011920928955,0.0,1.0,0.6108194589614868,-0.5937484502792358,0.0033335420303046703,0.0033333301544189453,0.0,0.9999973773956299,0.9997982382774353,1.0000011920928955,0.0,0.0,0.0,0.0,0.26749077439308167,0.2660841643810272,3.726634979248047,-0.2872912883758545,-3.7522428035736084,0.2117636799812317,0.0,0.0,0.0,0.0,0.9997982382774353,1.0000011920928955,0.026664583012461662,-0.0020555879455059767,-0.02665565349161625,0.0022342519368976355,0.0,0.0,0.0,0.0,0.0,0.0,0.5999999642372131,0.9987263083457947,0.0
4.901381492614746,139.53421020507812,57.486785888671875,0.26664572954177856,-0.2657371759414673,-0.02056184411048889,0.013590708374977112,0.9997981190681458,1.0000011920928955,0.0,1.0,0.6108194589614868,-0.5937484502792358,0.0033335424959659576,0.0033333301544189453,0.0,0.9999973773956299,0.9997981190681458,1.0000011920928955,0.0,0.0,0.0,0.0,0.2674913704395294,0.2660841643810272,3.7266201972961426,-0.28737080097198486,-3.7533082962036133,0.19195708632469177,0.0,0.0,0.0,0.0,0.9997981190681458,1.0000011920928955,0.026664558798074722,-0.0020561914425343275,-0.02665562927722931,0.00223485566675663,0.0,0.0,0.0,0.0,0.0,0.0,0.5999999642372131,0.9987263083457947,0.0
4.905581474304199,139.83660888671875,57.486785888671875,0.26664572954177856,-0.266629695892334,-0.020568303763866425,0.034269705414772034,0.9997979402542114,1.0000011920928955,0.0,1.0,0.6108194589614868,-0.5937484502792358,0.003333542263135314,0.0033333301544189453,0.0,0.9999973773956299,0.9997979402542114,1.0000011920928955,0.0,0.0,0.0,0.0,0.2674919068813324,0.26882266998291016,3.72660493850708,-0.2874598503112793,-3.689578056335449,0.4742186963558197,0.0,0.0,0.0,0.0,0.9997979402542114,1.0000011920928955,0.02666456066071987,-0.0020568426698446274,-0.02665562927722931,0.0022355078253895044,0.0,0.0,0.0,0.0,0.0,0.0,0.5999999642372131,0.9987263083457947,0.0
4.909781455993652,140.1390380859375,57.486785888671875,0.26664528250694275,-0.27737486362457275,-0.02057451754808426,0.021352961659431458,0.9997977614402771,1.0000011920928955,0.0,1.0,0.6108194589614868,-0.5937484502792358,0.003333542263135314,0.0033333301544189453,0.0,0.9999973773956299,0.9997977614402771,1.0000011920928955,0.0,0.0,0.0,0.0,0.2674919664859772,0.27819520235061646,3.7265968322753906,-0.2875465452671051,-3.583997964859009,0.27590465545654297,0.0,0.0,0.0,0.0,0.9997977614402771,1.0000011920928955,0.026664528995752335,-0.002057471079751849,-0.02665559947490692,0.0022361362352967262,0.0,0.0,0.0,0.0,0.0,0.0,0.5999999642372131,0.9987263083457947,0.0
4.9139814376831055,140.44143676757812,57.486785888671875,0.2666453719139099,-0.266976535320282,-0.02058079093694687,0.03145338594913483,0.9997977018356323,1.0000011920928955,0.0,1.0,0.6108194589614868,-0.5937484502792358,0.003333545057103038,0.0033333301544189453,0.0,0.9999973773956299,0.9997977018356323,1.0000011920928955,0.0,0.0,0.0,0.0,0.2674925625324249,0.26882266998291016,3.726581335067749,-0.2876330018043518,-3.69437837600708,0.43524685502052307,0.0,0.0,0.0,0.0,0.9997977018356323,1.0000011920928955,0.02666456811130047,-0.002058077370747924,-0.026655634865164757,0.0022367441561073065,0.0,0.0,0.0,0.0,0.0,0.0,0.5999999642372131,0.9987263083457947,0.0
4.918181419372559,140.7438507080078,57.486785888671875,0.2666454315185547,-0.2555188834667206,-0.020586036145687103,0.01959792524576187,0.999797523021698,1.0000011920928955,0.0,1.0,0.6108194589614868,-0.5937484502792358,0.0033335445914417505,0.0033333301544189453,0.0,0.9999973773956299,0.999797523021698,1.0000011920928955,0.0,0.0,0.0,0.0,0.2674930691719055,0.25626906752586365,3.7265679836273193,-0.28770509362220764,-3.890726327896118,0.29841309785842896,0.0,0.0,0.0,0.0,0.999797523021698,1.0000011920928955,0.02666454389691353,-0.002058626851066947,-0.026655614376068115,0.0022372936364263296,0.0,0.0,0.0,0.0,0.0,0.0,0.5999999642372131,0.9987263083457947,0.0
4.922381401062012,141.04627990722656,57.486785888671875,0.2666454315185547,-0.27767816185951233,-0.020592808723449707,0.016958624124526978,0.9997974038124084,1.0000011920928955,0.0,1.0,0.6108194589614868,-0.5937484502792358,0.0033335445914417505,0.0033333301544189453,0.0,0.9999973773956299,0.9997974038124084,1.0000011920928955,0.0,0.0,0.0,0.0,0.2674936354160309,0.27819520235061646,3.7265524864196777,-0.2877984941005707,-3.5879173278808594,0.21912474930286407,0.0,0.0,0.0,0.0,0.9997974038124084,1.0000011920928955,0.02666456811130047,-0.002059247111901641,-0.026655634865164757,0.002237914828583598,0.0,0.0,0.0,0.0,0.0,0.0,0.5999999642372131,0.9987263083457947,0.0
4.926581382751465,141.3486785888672,57.486785888671875,0.26664575934410095,-0.27776381373405457,-0.020598940551280975,0.015492856502532959,0.9997972249984741,1.0000011920928955,0.0,1.0,0.6108194589614868,-0.5937484502792358,0.003333545057103038,0.0033333301544189453,0.0,0.9999973773956299,0.9997972249984741,1.0000011920928955,0.0,0.0,0.0,0.0,0.26749446988105774,0.27819520235061646,3.7265336513519287,-0.28788238763809204,-3.5890238285064697,0.20018526911735535,0.0,0.0,0.0,0.0,0.9997972249984741,1.0000011920928955,0.026664573699235916,-0.002059860387817025,-0.026655644178390503,0.002238529035821557,0.0,0.0,0.0,0.0,0.0,0.0,0.5999999642372131,0.9987263083457947,0.0
4.930781364440918,141.65110778808594,57.486785888671875,0.26664555072784424,-0.267581045627594,-0.020604312419891357,0.02581050992012024,0.9997970461845398,1.0000011920928955,0.0,1.0,0.6108194589614868,-0.5937484502792358,0.0033335431944578886,0.0033333301544189453,0.0,0.9999973773956299,0.9997970461845398,1.0000011920928955,0.0,0.0,0.0,0.0,0.26749470829963684,0.26882266998291016,3.7265238761901855,-0.287957102060318,-3.7027430534362793,0.3571617603302002,0.0,0.0,0.0,0.0,0.9997970461845398,1.0000011920928955,0.026664575561881065,-0.0020604394376277924,-0.0266556479036808,0.002239108784124255,0.0,0.0,0.0,0.0,0.0,0.0,0.5999999642372131,0.9987263083457947,0.0
4.934981346130371,141.95350646972656,57.486785888671875,0.266645610332489,-0.2677135467529297,-0.020611025393009186,0.02439790964126587,0.9997968673706055,1.0000011920928955,0.0,1.0,0.6108194589614868,-0.5937484502792358,0.003333544358611107,0.0033333301544189453,0.0,0.9999973773956299,0.9997968673706055,1.0000011920928955,0.0,0.0,0.0,0.0,0.267495334148407,0.26882266998291016,3.7265074253082275,-0.28804948925971985,-3.7045764923095703,0.33761435747146606,0.0,0.0,0.0,0.0,0.9997968673706055,1.0000011920928955,0.026664555072784424,-0.002061111619696021,-0.02665562741458416,0.002239781431853771,0.0,0.0,0.0,0.0,0.0,0.0,0.5999999642372131,0.9987263083457947,0.0
4.939181327819824,142.25592041015625,57.486785888671875,0.26664555072784424,-0.26783856749534607,-0.02061619609594345,0.022984609007835388,0.9997967481613159,1.0000011920928955,0.0,1.0,0.6108194589614868,-0.5937484502792358,0.0033335434272885323,0.0033333301544189453,0.0,0.9999973773956299,0.9997967481613159,1.0000011920928955,0.0,0.0,0.0,0.0,0.267495721578598,0.26882266998291016,3.7264959812164307,-0.28812089562416077,-3.7063066959381104,0.31805726885795593,0.0,0.0,0.0,0.0,0.9997967481613159,1.0000011920928955,0.02666454389691353,-0.002061651786789298,-0.026655612513422966,0.002240321831777692,0.0,0.0,0.0,0.0,0.0,0.0,0.5999999642372131,0.9987263083457947,0.0
4.943381309509277,142.55833435058594,57.486785888671875,0.2666459083557129,-0.2679561376571655,-0.020622223615646362,0.021570704877376556,0.9997966289520264,1.000001072883606,0.0,1.0,0.6108194589614868,-0.5937484502792358,0.0033335441257804632,0.0033333301544189453,0.0,0.9999973773956299,0.9997966289520264,1.000001072883606,0.0,0.0,0.0,0.0,0.26749658584594727,0.26882266998291016,3.7264771461486816,-0.2882033884525299,-3.7079334259033203,0.29849180579185486,0.0,0.0,0.0,0.0,0.9997966289520264,1.000001072883606,0.026664583012461662,-0.0020622031297534704,-0.02665565349161625,0.0022408743388950825,0.0,0.0,0.0,0.0,0.0,0.0,0.5999999642372131,0.9987263083457947,0.0
4.9475812911987305,142.86074829101562,57.486785888671875,0.2666458785533905,-0.26806628704071045,-0.020627856254577637,0.02015615999698639,0.9997965097427368,1.0000011920928955,0.0,1.0,0.6108194589614868,-0.5937484502792358,0.003333541564643383,0.0033333301544189453,0.0,0.9999973773956299,0.9997965097427368,1.0000011920928955,0.0,0.0,0.0,0.0,0.2674970030784607,0.26882266998291016,3.7264647483825684,-0.28828105330467224,-3.7094576358795166,0.27891767024993896,0.0,0.0,0.0,0.0,0.9997965097427368,1.0000011920928955,0.026664573699235916,-0.0020627863705158234,-0.026655644178390503,0.0022414580453187227,0.0,0.0,0.0,0.0,0.0,0.0,0.5999999642372131,0.9987263083457947,0.0
4.951781272888184,143.16317749023438,57.486785888671875,0.26664572954177856,-0.26816892623901367,-0.020632736384868622,0.018741056323051453,0.9997963905334473,1.0000011920928955,0.0,1.0,0.6108194589614868,-0.5937484502792358,0.0033335420303046703,0.0033333301544189453,0.0,0.9999973773956299,0.9997963905334473,1.0000011920928955,0.0,0.0,0.0,0.0,0.26749730110168457,0.26882266998291016,3.726454973220825,-0.2883487641811371,-3.7108781337738037,0.25933560729026794,0.0,0.0,0.0,0.0,0.9997963905334473,1.0000011920928955,0.026664583012461662,-0.0020632792729884386,-0.02665565349161625,0.002241951646283269,0.0,0.0,0.0,0.0,0.0,0.0,0.5999999642372131,0.9987263083457947,0.0
4.955981254577637,143.465576171875,57.486785888671875,0.2666463851928711,-0.2682640850543976,-0.020638935267925262,0.01732546091079712,0.9997962117195129,1.0000011920928955,0.0,1.0,0.6108194589614868,-0.5937484502792358,0.003333542263135314,0.0033333301544189453,0.0,0.9999973773956299,0.9997962117195129,1.0000011920928955,0.0,0.0,0.0,0.0,0.2674984633922577,0.26882266998291016,3.7264316082000732,-0.288432776927948,-3.7121949195861816,0.2397468090057373,0.0,0.0,0.0,0.0,0.9997962117195129,1.0000011920928955,0.026664644479751587,-0.002063862280920148,-0.026655713096261024,0.002242536284029484,0.0,0.0,0.0,0.0,0.0,0.0,0.5999999642372131,0.9987263083457947,0.0
4.96018123626709,143.7679901123047,57.486785888671875,0.2666459083557129,-0.2805066406726837,-0.020644202828407288,0.02572774887084961,0.9997960925102234,1.0000011920928955,0.0,1.0,0.6108194589614868,-0.5937484502792358,0.0033335380721837282,0.0033333301544189453,0.0,0.9999973773956299,0.9997960925102234,1.0000011920928955,0.0,0.0,0.0,0.0,0.2674984037876129,0.28168368339538574,3.726425886154175,-0.2885066270828247,-3.5352466106414795,0.324248731136322,0.0,0.0,0.0,0.0,0.9997960925102234,1.0000011920928955,0.026664603501558304,-0.0020643998868763447,-0.02665567211806774,0.0022430738899856806,0.0,0.0,0.0,0.0,0.0,0.0,0.5999999642372131,0.9987263083457947,0.0
4.964381217956543,144.07040405273438,57.486785888671875,0.26664668321609497,-0.2708843946456909,-0.02064942568540573,0.03645341843366623,0.9997959136962891,1.0000011920928955,0.0,1.0,0.6108194589614868,-0.5937484502792358,0.0033335410989820957,0.0033333301544189453,0.0,0.9999973773956299,0.9997959136962891,1.0000011920928955,0.0,0.0,0.0,0.0,0.2674996554851532,0.2733258605003357,3.726402521133423,-0.2885769009590149,-3.625955820083618,0.4879516661167145,0.0,0.0,0.0,0.0,0.9997959136962891,1.0000011920928955,0.02666465751826763,-0.002064962638542056,-0.02665572799742222,0.0022436378058046103,0.0,0.0,0.0,0.0,0.0,0.0,0.5999999642372131,0.9987263083457947,0.0
4.968581199645996,144.37281799316406,57.486785888671875,0.26664650440216064,-0.2685047686100006,-0.02065519243478775,0.013075858354568481,0.9997957348823547,1.0000011920928955,0.0,1.0,0.6108194589614868,-0.5937484502792358,0.0033335350453853607,0.0033333301544189453,0.0,0.9999973773956299,0.9997957348823547,1.0000011920928955,0.0,0.0,0.0,0.0,0.2674999535083771,0.26882266998291016,3.7263917922973633,-0.2886568009853363,-3.7155253887176514,0.18094171583652496,0.0,0.0,0.0,0.0,0.9997957348823547,1.0000011920928955,0.02666463889181614,-0.00206551025621593,-0.026655709370970726,0.002244186121970415,0.0,0.0,0.0,0.0,0.0,0.0,0.5999999642372131,0.9987263083457947,0.0
4.972781181335449,144.67523193359375,57.486785888671875,0.26664695143699646,-0.2712540924549103,-0.020661018788814545,0.03359203040599823,0.99979567527771,1.0000011920928955,0.0,1.0,0.6108194589614868,-0.5937484502792358,0.0033335366751998663,0.0033333301544189453,0.0,0.9999973773956299,0.99979567527771,1.0000011920928955,0.0,0.0,0.0,0.0,0.2675008773803711,0.2733258605003357,3.726372241973877,-0.2887361943721771,-3.63090443611145,0.44965025782585144,0.0,0.0,0.0,0.0,0.99979567527771,1.0000011920928955,0.026664672419428825,-0.002066077897325158,-0.026655742898583412,0.002244754694402218,0.0,0.0,0.0,0.0,0.0,0.0,0.5999999642372131,0.9987263083457947,0.0
4.976981163024902,144.97764587402344,57.486785888671875,0.2666468620300293,-0.27142760157585144,-0.020666077733039856,0.03215993940830231,0.9997954964637756,1.0000011920928955,0.0,1.0,0.6108194589614868,-0.5937484502792358,0.0033335324842482805,0.0033333301544189453,0.0,0.9999973773956299,0.9997954964637756,1.0000011920928955,0.0,0.0,0.0,0.0,0.26750123500823975,0.2733258605003357,3.7263612747192383,-0.28880617022514343,-3.6332268714904785,0.4304807782173157,0.0,0.0,0.0,0.0,0.9997954964637756,1.0000011920928955,0.026664679870009422,-0.0020665968768298626,-0.02665574848651886,0.0022452743723988533,0.0,0.0,0.0,0.0,0.0,0.0,0.5999999642372131,0.9987263083457947,0.0
4.9811811447143555,145.28005981445312,57.486785888671875,0.2666470408439636,-0.2591838836669922,-0.02067217230796814,0.02123267948627472,0.9997954368591309,1.0000011920928955,0.0,1.0,0.6108194589614868,-0.5937484502792358,0.003333532949909568,0.0033333301544189453,0.0,0.9999973773956299,0.9997954368591309,1.0000011920928955,0.0,0.0,0.0,0.0,0.2675018906593323,0.26005181670188904,3.7263450622558594,-0.28888991475105286,-3.8325531482696533,0.3139677047729492,0.0,0.0,0.0,0.0,0.9997954368591309,1.0000011920928955,0.026664698496460915,-0.002067204099148512,-0.0266557689756155,0.0022458822932094336,0.0,0.0,0.0,0.0,0.0,0.0,0.5999999642372131,0.9987263083457947,0.0
4.985381126403809,145.5824737548828,57.486785888671875,0.26664677262306213,-0.2592923045158386,-0.020677044987678528,0.019864439964294434,0.9997951984405518,1.000001072883606,0.0,1.0,0.6108194589614868,-0.5937484502792358,0.003333530854433775,0.0033333301544189453,0.0,0.9999973773956299,0.9997951984405518,1.000001072883606,0.0,0.0,0.0,0.0,0.2675020694732666,0.26005181670188904,3.726336717605591,-0.28895777463912964,-3.8341565132141113,0.29373544454574585,0.0,0.0,0.0,0.0,0.9997951984405518,1.000001072883606,0.026664650067687035,-0.0020677121356129646,-0.026655718684196472,0.00224639056250453,0.0,0.0,0.0,0.0,0.0,0.0,0.5999999642372131,0.9987263083457947,0.0
4.989581108093262,145.8848876953125,57.486785888671875,0.2666473388671875,-0.259393572807312,-0.020682290196418762,0.01849566400051117,0.999795138835907,1.0000011920928955,0.0,1.0,0.6108194589614868,-0.5937484502792358,0.0033335324842482805,0.0033333301544189453,0.0,0.9999973773956299,0.999795138835907,1.0000011920928955,0.0,0.0,0.0,0.0,0.2675030529499054,0.26005181670188904,3.7263169288635254,-0.2890288233757019,-3.83565354347229,0.27349552512168884,0.0,0.0,0.0,0.0,0.999795138835907,1.0000011920928955,0.026664728298783302,-0.0020682120230048895,-0.02665579877793789,0.0022468918468803167,0.0,0.0,0.0,0.0,0.0,0.0,0.5999999642372131,0.9987263083457947,0.0
4.993781089782715,146.1873016357422,57.486785888671875,0.2666476368904114,-0.2720459997653961,-0.020686529576778412,0.026422955095767975,0.9997949600219727,1.000001072883606,0.0,1.0,0.6108194589614868,-0.5937484502792358,0.0033335282932966948,0.0033333301544189453,0.0,0.9999973773956299,0.9997949600219727,1.000001072883606,0.0,0.0,0.0,0.0,0.2675037086009979,0.2733258605003357,3.7263023853302,-0.28908661007881165,-3.6415047645568848,0.35368770360946655,0.0,0.0,0.0,0.0,0.9997949600219727,1.000001072883606,0.026664763689041138,-0.00206867977976799,-0.026655832305550575,0.0022473607677966356,0.0,0.0,0.0,0.0,0.0,0.0,0.5999999642372131,0.9987263083457947,0.0
4.997981071472168,146.48971557617188,57.486785888671875,0.26664799451828003,-0.2721816897392273,-0.020691826939582825,0.02498677372932434,0.9997949004173279,1.0000011920928955,0.0,1.0,0.6108194589614868,-0.5937484502792358,0.003333526197820902,0.0033333301544189453,0.0,0.9999973773956299,0.9997949004173279,1.0000011920928955,0.0,0.0,0.0,0.0,0.26750448346138,0.2733258605003357,3.726285696029663,-0.2891590893268585,-3.6433207988739014,0.3344634473323822,0.0,0.0,0.0,0.0,0.9997949004173279,1.0000011920928955,0.02666478231549263,-0.0020691808313131332,-0.026655850932002068,0.0022478625178337097,0.0,0.0,0.0,0.0,0.0,0.0,0.5999999642372131,0.9987263083457947,0.0
5.002181053161621,146.79212951660156,57.486785888671875,0.2666477560997009,-0.2723097801208496,-0.020696617662906647,0.023549899458885193,0.9997947216033936,1.0000011920928955,0.0,1.0,0.6108194589614868,-0.5937484502792358,0.0033335231710225344,0.0033333301544189453,0.0,0.9999973773956299,0.9997947216033936,1.0000011920928955,0.0,0.0,0.0,0.0,0.2675046920776367,0.2733258605003357,3.7262771129608154,-0.28922542929649353,-3.6450352668762207,0.31523001194000244,0.0,0.0,0.0,0.0,0.9997947216033936,1.0000011920928955,0.02666480280458927,-0.0020696520805358887,-0.02665587328374386,0.0022483346983790398,0.0,0.0,0.0,0.0,0.0,0.0,0.5999999642372131,0.9987263083457947,0.0
